tensor([1.0602e-05, 1.1015e-05, 1.1705e-05, 1.2848e-05, 1.4717e-05, 1.7705e-05,
        2.2312e-05, 2.9037e-05, 3.8105e-05, 4.9113e-05, 6.0887e-05, 7.1895e-05,
        8.0963e-05, 8.7688e-05, 9.2295e-05, 9.5283e-05, 9.7152e-05, 9.8295e-05,
        9.8985e-05, 9.9398e-05])
tensor([1.0602e-05, 2.1617e-05, 3.3322e-05, 4.6170e-05, 6.0887e-05, 7.8592e-05,
        1.0090e-04, 1.2994e-04, 1.6805e-04, 2.1716e-04, 2.7805e-04, 3.4994e-04,
        4.3090e-04, 5.1859e-04, 6.1089e-04, 7.0617e-04, 8.0332e-04, 9.0162e-04,
        1.0006e-03, 1.1000e-03])
tensor([1.0000, 0.5095, 0.3513, 0.2783, 0.2417, 0.2253, 0.2211, 0.2235, 0.2268,
        0.2262, 0.2190, 0.2054, 0.1879, 0.1691, 0.1511, 0.1349, 0.1209, 0.1090,
        0.0989, 0.0904])
tensor([1.0097, 0.5198, 0.3622, 0.2905, 0.2559, 0.2426, 0.2435, 0.2534, 0.2676,
        0.2818, 0.2931, 0.3013, 0.3089, 0.3199, 0.3398, 0.3769, 0.4484, 0.6045,
        1.0948,    inf])
with carteisian
(Debug) dd : tensor([-2.9245e-02,  4.5605e-02,  5.4184e-02, -4.1795e-03, -4.2724e-02,
        -7.8214e-02, -8.5435e-02, -3.1614e-03,  2.0319e-02,  1.9967e-02,
         1.1824e-01, -1.1433e-01,  4.4862e-02, -3.5243e-03, -7.0042e-02,
        -5.2953e-04, -7.9507e-02, -1.1301e-01,  1.1325e-02,  5.0067e-02,
        -1.1721e-02,  4.1993e-03, -1.9602e-01, -9.4928e-03, -3.0717e-02,
         4.4852e-02,  2.8800e-02, -3.9087e-02, -6.7378e-03, -4.8747e-03,
        -5.8024e-02, -2.5309e-02, -1.1325e-01, -3.7364e-02,  1.8468e-02,
         5.9735e-02,  3.5826e-02, -6.0692e-03,  1.0514e-04, -2.2196e-02,
        -4.4276e-02, -6.8943e-02, -6.8800e-02,  7.5561e-02, -4.2358e-02,
        -3.3071e-03, -1.4767e-02, -4.3353e-02, -6.3555e-02,  1.4075e-02,
        -1.3100e-01, -1.0306e-01, -4.7324e-03,  4.2212e-02,  1.9326e-03,
         8.6905e-02, -1.8692e-01, -1.3393e-01,  2.9079e-02, -1.8789e-02,
         1.0726e-02,  8.7257e-02, -5.0492e-03, -1.2089e-01, -4.5162e-02,
         9.8212e-03,  1.7338e-01, -1.4502e-01,  4.1122e-03, -6.6992e-02,
        -2.3886e-02, -8.6602e-02, -2.6704e-02, -4.8165e-02, -1.0328e-01,
        -5.3288e-02, -5.9370e-02, -5.8151e-02])
(Debug) dx : tensor([[ 3.6420e-02, -1.2159e-05, -1.4366e-02],
        [-2.0831e-02,  6.9532e-02, -1.8541e-02],
        [-3.2044e-02, -4.2645e-03, -2.0985e-02],
        [-2.5384e-02, -5.0916e-03, -4.3439e-03],
        [-2.7242e-02,  3.9746e-02,  6.9319e-02],
        [-2.3842e-04,  6.5369e-02, -7.2714e-02],
        [ 4.1479e-02, -3.3274e-02,  1.0881e-01],
        [ 1.1372e-01, -8.2491e-02, -8.5780e-02],
        [-2.0628e-02,  2.4315e-02, -9.9704e-03],
        [-9.2085e-03,  2.4706e-03, -1.1055e-02],
        [ 3.8149e-02, -2.1898e-02, -5.8868e-02],
        [-6.8299e-02, -9.2182e-02, -1.3597e-02],
        [ 3.1838e-02, -1.6164e-02,  1.5342e-01]])
(Debug) sigma_t_hat_square at time 19 : 9.041596786119044e-05
(Debug) score size (cart) : tensor([[ 8.0562e+02, -2.6896e-01, -3.1778e+02],
        [-4.6079e+02,  1.5381e+03, -4.1012e+02],
        [-7.0880e+02, -9.4331e+01, -4.6420e+02],
        [-5.6149e+02, -1.1263e+02, -9.6086e+01],
        [-6.0259e+02,  8.7919e+02,  1.5333e+03],
        [-5.2738e+00,  1.4460e+03, -1.6084e+03],
        [ 9.1752e+02, -7.3601e+02,  2.4069e+03],
        [ 2.5156e+03, -1.8247e+03, -1.8975e+03],
        [-4.5629e+02,  5.3784e+02, -2.2055e+02],
        [-2.0369e+02,  5.4650e+01, -2.4453e+02],
        [ 8.4386e+02, -4.8437e+02, -1.3022e+03],
        [-1.5108e+03, -2.0391e+03, -3.0077e+02],
        [ 7.0425e+02, -3.5756e+02,  3.3937e+03]])
Debug dx at time 19 : 0.08817638456821442
(Debug) dd : tensor([ 4.1702e-03, -9.5952e-03, -1.1092e-02, -3.8266e-04,  6.3027e-03,
         1.2151e-02,  1.3387e-02,  1.5831e-04, -4.2868e-03, -4.2100e-03,
        -2.4506e-02,  2.1163e-02, -9.8472e-03, -5.6982e-05,  1.3812e-02,
        -4.4620e-04,  1.1911e-02,  1.6920e-02, -2.6011e-03, -1.0490e-02,
         1.0674e-03, -4.4773e-03,  3.9598e-02,  1.8754e-03,  4.9632e-03,
        -9.7220e-03, -8.4751e-03,  4.2102e-03,  1.0616e-03,  7.9894e-04,
         1.1243e-02,  3.8469e-03,  1.9956e-02,  6.0874e-03, -4.5433e-03,
        -1.3394e-02, -1.0676e-02,  1.0996e-03, -7.4863e-05,  2.4068e-03,
         6.5078e-03,  9.7574e-03,  1.2651e-02, -1.5840e-02,  1.8077e-03,
        -1.7762e-04,  2.2099e-03,  4.8652e-03,  9.1537e-03, -7.0913e-03,
         2.0495e-02,  1.5724e-02,  4.1080e-04, -9.0470e-03, -9.8896e-04,
        -1.9663e-02,  3.5547e-02,  2.1015e-02, -8.5678e-03,  2.1479e-03,
        -4.1814e-03, -1.9530e-02,  7.6008e-04,  2.2032e-02,  6.8214e-03,
        -2.8152e-03, -3.6036e-02,  2.0598e-02, -9.3997e-04,  1.3149e-02,
         3.1958e-03,  1.4404e-02,  4.8079e-03,  8.5256e-03,  1.9203e-02,
         7.7955e-03,  6.9995e-03,  5.8877e-03])
(Debug) dx : tensor([[-7.3870e-03,  2.4438e-06,  2.9138e-03],
        [ 4.2251e-03, -1.4103e-02,  3.7605e-03],
        [ 6.4993e-03,  8.6498e-04,  4.2564e-03],
        [ 5.1485e-03,  1.0327e-03,  8.8102e-04],
        [ 5.5255e-03, -8.0616e-03, -1.4060e-02],
        [ 4.8399e-05, -1.3259e-02,  1.4748e-02],
        [-8.4131e-03,  6.7488e-03, -2.2070e-02],
        [-2.3066e-02,  1.6731e-02,  1.7398e-02],
        [ 4.1839e-03, -4.9316e-03,  2.0222e-03],
        [ 1.8677e-03, -5.0128e-04,  2.2421e-03],
        [-7.7379e-03,  4.4414e-03,  1.1940e-02],
        [ 1.3853e-02,  1.8697e-02,  2.7578e-03],
        [-6.4575e-03,  3.2785e-03, -3.1118e-02]])
(Debug) sigma_t_hat_square at time 18 : 0.00016260486154351383
(Debug) score size (cart) : tensor([[-9.0859e+01,  3.0058e-02,  3.5839e+01],
        [ 5.1968e+01, -1.7346e+02,  4.6253e+01],
        [ 7.9939e+01,  1.0639e+01,  5.2353e+01],
        [ 6.3326e+01,  1.2702e+01,  1.0836e+01],
        [ 6.7962e+01, -9.9156e+01, -1.7293e+02],
        [ 5.9530e-01, -1.6308e+02,  1.8140e+02],
        [-1.0348e+02,  8.3009e+01, -2.7145e+02],
        [-2.8371e+02,  2.0579e+02,  2.1400e+02],
        [ 5.1461e+01, -6.0657e+01,  2.4873e+01],
        [ 2.2972e+01, -6.1656e+00,  2.7578e+01],
        [-9.5174e+01,  5.4628e+01,  1.4686e+02],
        [ 1.7038e+02,  2.2997e+02,  3.3921e+01],
        [-7.9426e+01,  4.0325e+01, -3.8274e+02]])
Debug dx at time 18 : 0.00990333128720522
(Debug) dd : tensor([-0.0190,  0.0493,  0.0566,  0.0034, -0.0290, -0.0564, -0.0622, -0.0002,
         0.0220,  0.0216,  0.1254, -0.1050,  0.0509,  0.0012, -0.0698,  0.0029,
        -0.0551, -0.0779,  0.0136,  0.0538, -0.0039,  0.0270, -0.2014, -0.0095,
        -0.0237,  0.0502,  0.0461, -0.0169, -0.0050, -0.0038, -0.0566, -0.0180,
        -0.0975, -0.0291,  0.0241,  0.0696,  0.0582, -0.0054,  0.0004, -0.0097,
        -0.0299, -0.0442, -0.0628,  0.0812, -0.0010,  0.0019, -0.0103, -0.0199,
        -0.0418,  0.0406, -0.0954, -0.0728, -0.0014,  0.0466,  0.0057,  0.1024,
        -0.1777, -0.0979,  0.0466, -0.0089,  0.0236,  0.1015, -0.0036, -0.1089,
        -0.0319,  0.0153,  0.1844, -0.0922,  0.0049, -0.0664, -0.0143, -0.0692,
        -0.0237, -0.0419, -0.0955, -0.0358, -0.0294, -0.0226])
(Debug) dx : tensor([[ 3.7623e-02, -1.2577e-05, -1.4840e-02],
        [-2.1519e-02,  7.1829e-02, -1.9153e-02],
        [-3.3102e-02, -4.4054e-03, -2.1678e-02],
        [-2.6222e-02, -5.2598e-03, -4.4874e-03],
        [-2.8142e-02,  4.1059e-02,  7.1609e-02],
        [-2.4641e-04,  6.7527e-02, -7.5115e-02],
        [ 4.2849e-02, -3.4372e-02,  1.1241e-01],
        [ 1.1748e-01, -8.5216e-02, -8.8613e-02],
        [-2.1309e-02,  2.5118e-02, -1.0300e-02],
        [-9.5126e-03,  2.5523e-03, -1.1420e-02],
        [ 3.9409e-02, -2.2621e-02, -6.0812e-02],
        [-7.0554e-02, -9.5226e-02, -1.4046e-02],
        [ 3.2889e-02, -1.6698e-02,  1.5849e-01]])
(Debug) sigma_t_hat_square at time 17 : 0.00021666186512447894
(Debug) score size (cart) : tensor([[ 3.4730e+02, -1.1609e-01, -1.3699e+02],
        [-1.9864e+02,  6.6305e+02, -1.7680e+02],
        [-3.0556e+02, -4.0666e+01, -2.0011e+02],
        [-2.4205e+02, -4.8553e+01, -4.1423e+01],
        [-2.5978e+02,  3.7901e+02,  6.6102e+02],
        [-2.2746e+00,  6.2334e+02, -6.9339e+02],
        [ 3.9554e+02, -3.1729e+02,  1.0376e+03],
        [ 1.0845e+03, -7.8662e+02, -8.1799e+02],
        [-1.9671e+02,  2.3186e+02, -9.5076e+01],
        [-8.7810e+01,  2.3560e+01, -1.0541e+02],
        [ 3.6378e+02, -2.0881e+02, -5.6135e+02],
        [-6.5129e+02, -8.7903e+02, -1.2966e+02],
        [ 3.0360e+02, -1.5414e+02,  1.4630e+03]])
Debug dx at time 17 : 0.03759084269404411
(Debug) dd : tensor([-1.3752e-02,  5.2156e-02,  5.9100e-02,  7.4263e-03, -2.1389e-02,
        -4.2539e-02, -4.6958e-02,  1.2887e-03,  2.3391e-02,  2.2963e-02,
         1.3160e-01, -1.0121e-01,  5.4941e-02,  3.6945e-03, -7.1157e-02,
         4.7851e-03, -4.1693e-02, -5.7137e-02,  1.5065e-02,  5.6819e-02,
         1.6332e-04,  3.9052e-02, -2.0853e-01, -9.6966e-03, -2.0412e-02,
         5.4014e-02,  5.5656e-02, -5.3008e-03, -4.2433e-03, -3.3760e-03,
        -5.6873e-02, -1.4455e-02, -8.9633e-02, -2.4936e-02,  2.7457e-02,
         7.6038e-02,  7.0310e-02, -5.2342e-03,  6.3276e-04, -3.0181e-03,
        -2.1868e-02, -3.0675e-02, -6.0802e-02,  8.5861e-02,  2.0807e-02,
         4.6685e-03, -8.1823e-03, -7.3996e-03, -3.0134e-02,  5.3575e-02,
        -7.2541e-02, -5.4803e-02,  2.4891e-04,  4.9895e-02,  7.8468e-03,
         1.1205e-01, -1.7491e-01, -7.4594e-02,  5.6208e-02, -3.9401e-03,
         3.0774e-02,  1.1055e-01, -2.8527e-03, -1.0348e-01, -2.5348e-02,
         1.8462e-02,  1.9357e-01, -5.9209e-02,  5.4346e-03, -6.7408e-02,
        -9.4709e-03, -6.0353e-02, -2.2633e-02, -3.9227e-02, -9.2907e-02,
        -2.6536e-02, -1.3486e-02, -3.5255e-03])
(Debug) dx : tensor([[ 3.9083e-02, -1.3113e-05, -1.5416e-02],
        [-2.2354e-02,  7.4616e-02, -1.9896e-02],
        [-3.4386e-02, -4.5763e-03, -2.2520e-02],
        [-2.7240e-02, -5.4638e-03, -4.6615e-03],
        [-2.9234e-02,  4.2652e-02,  7.4387e-02],
        [-2.5582e-04,  7.0148e-02, -7.8030e-02],
        [ 4.4512e-02, -3.5706e-02,  1.1677e-01],
        [ 1.2204e-01, -8.8522e-02, -9.2052e-02],
        [-2.2136e-02,  2.6092e-02, -1.0699e-02],
        [-9.8816e-03,  2.6511e-03, -1.1863e-02],
        [ 4.0938e-02, -2.3498e-02, -6.3171e-02],
        [-7.3292e-02, -9.8921e-02, -1.4591e-02],
        [ 3.4165e-02, -1.7346e-02,  1.6464e-01]])
(Debug) sigma_t_hat_square at time 16 : 0.00025282823480665684
(Debug) score size (cart) : tensor([[ 3.0916e+02, -1.0373e-01, -1.2195e+02],
        [-1.7683e+02,  5.9025e+02, -1.5739e+02],
        [-2.7201e+02, -3.6201e+01, -1.7814e+02],
        [-2.1548e+02, -4.3222e+01, -3.6875e+01],
        [-2.3125e+02,  3.3740e+02,  5.8844e+02],
        [-2.0237e+00,  5.5490e+02, -6.1726e+02],
        [ 3.5211e+02, -2.8245e+02,  9.2369e+02],
        [ 9.6539e+02, -7.0025e+02, -7.2817e+02],
        [-1.7511e+02,  2.0640e+02, -8.4637e+01],
        [-7.8169e+01,  2.0972e+01, -9.3840e+01],
        [ 3.2384e+02, -1.8588e+02, -4.9972e+02],
        [-5.7978e+02, -7.8252e+02, -1.1542e+02],
        [ 2.7026e+02, -1.3722e+02,  1.3024e+03]])
Debug dx at time 16 : 0.0330742672085762
(Debug) dd : tensor([-0.0090,  0.0597,  0.0668,  0.0124, -0.0144, -0.0288, -0.0315,  0.0031,
         0.0268,  0.0263,  0.1493, -0.1046,  0.0637,  0.0067, -0.0785,  0.0072,
        -0.0296, -0.0372,  0.0179,  0.0648,  0.0046,  0.0550, -0.2336, -0.0107,
        -0.0184,  0.0626,  0.0703,  0.0070, -0.0037, -0.0031, -0.0618, -0.0117,
        -0.0873, -0.0222,  0.0334,  0.0892,  0.0888, -0.0054,  0.0009,  0.0040,
        -0.0144, -0.0178, -0.0635,  0.0980,  0.0459,  0.0081, -0.0065,  0.0057,
        -0.0194,  0.0707, -0.0499, -0.0377,  0.0021,  0.0576,  0.0108,  0.1316,
        -0.1850, -0.0515,  0.0709,  0.0012,  0.0410,  0.1294, -0.0023, -0.1053,
        -0.0202,  0.0234,  0.2196, -0.0247,  0.0065, -0.0741, -0.0050, -0.0549,
        -0.0233, -0.0395, -0.0974, -0.0182,  0.0029,  0.0170])
(Debug) dx : tensor([[ 4.3959e-02, -1.4722e-05, -1.7340e-02],
        [-2.5144e-02,  8.3926e-02, -2.2378e-02],
        [-3.8677e-02, -5.1473e-03, -2.5329e-02],
        [-3.0638e-02, -6.1456e-03, -5.2431e-03],
        [-3.2881e-02,  4.7974e-02,  8.3668e-02],
        [-2.8789e-04,  7.8900e-02, -8.7766e-02],
        [ 5.0066e-02, -4.0161e-02,  1.3134e-01],
        [ 1.3727e-01, -9.9567e-02, -1.0354e-01],
        [-2.4898e-02,  2.9348e-02, -1.2034e-02],
        [-1.1115e-02,  2.9820e-03, -1.3343e-02],
        [ 4.6046e-02, -2.6430e-02, -7.1053e-02],
        [-8.2437e-02, -1.1126e-01, -1.6412e-02],
        [ 3.8428e-02, -1.9511e-02,  1.8518e-01]])
(Debug) sigma_t_hat_square at time 15 : 0.0002716298040468246
(Debug) score size (cart) : tensor([[ 3.2367e+02, -1.0840e-01, -1.2767e+02],
        [-1.8513e+02,  6.1794e+02, -1.6477e+02],
        [-2.8477e+02, -3.7900e+01, -1.8650e+02],
        [-2.2559e+02, -4.5250e+01, -3.8604e+01],
        [-2.4210e+02,  3.5323e+02,  6.1605e+02],
        [-2.1197e+00,  5.8094e+02, -6.4622e+02],
        [ 3.6863e+02, -2.9570e+02,  9.6703e+02],
        [ 1.0107e+03, -7.3311e+02, -7.6234e+02],
        [-1.8332e+02,  2.1609e+02, -8.8609e+01],
        [-8.1837e+01,  2.1957e+01, -9.8243e+01],
        [ 3.3903e+02, -1.9460e+02, -5.2316e+02],
        [-6.0698e+02, -8.1923e+02, -1.2084e+02],
        [ 2.8295e+02, -1.4366e+02,  1.3635e+03]])
Debug dx at time 15 : 0.03395983949303627
(Debug) dd : tensor([-0.0026,  0.0647,  0.0716,  0.0175, -0.0048, -0.0089, -0.0090,  0.0050,
         0.0292,  0.0287,  0.1607, -0.1009,  0.0699,  0.0099, -0.0820,  0.0096,
        -0.0126, -0.0097,  0.0201,  0.0701,  0.0095,  0.0700, -0.2481, -0.0113,
        -0.0148,  0.0687,  0.0828,  0.0211, -0.0029, -0.0027, -0.0636, -0.0076,
        -0.0775, -0.0173,  0.0383,  0.0989,  0.1045, -0.0053,  0.0011,  0.0121,
        -0.0042, -0.0009, -0.0625,  0.1061,  0.0720,  0.0116, -0.0041,  0.0209,
        -0.0049,  0.0852, -0.0169, -0.0133,  0.0042,  0.0630,  0.0136,  0.1460,
        -0.1832, -0.0176,  0.0834,  0.0073,  0.0505,  0.1431, -0.0015, -0.0994,
        -0.0127,  0.0278,  0.2361,  0.0194,  0.0073, -0.0771,  0.0007, -0.0442,
        -0.0225, -0.0370, -0.0959, -0.0067,  0.0223,  0.0402])
(Debug) dx : tensor([[ 4.6937e-02, -1.5736e-05, -1.8514e-02],
        [-2.6846e-02,  8.9610e-02, -2.3894e-02],
        [-4.1296e-02, -5.4958e-03, -2.7045e-02],
        [-3.2713e-02, -6.5618e-03, -5.5982e-03],
        [-3.5108e-02,  5.1223e-02,  8.9336e-02],
        [-3.0720e-04,  8.4244e-02, -9.3710e-02],
        [ 5.3457e-02, -4.2881e-02,  1.4023e-01],
        [ 1.4656e-01, -1.0631e-01, -1.1055e-01],
        [-2.6585e-02,  3.1336e-02, -1.2849e-02],
        [-1.1867e-02,  3.1840e-03, -1.4247e-02],
        [ 4.9165e-02, -2.8221e-02, -7.5866e-02],
        [-8.8021e-02, -1.1880e-01, -1.7523e-02],
        [ 4.1031e-02, -2.0832e-02,  1.9772e-01]])
(Debug) sigma_t_hat_square at time 14 : 0.000274103251285851
(Debug) score size (cart) : tensor([[ 3.4248e+02, -1.1482e-01, -1.3509e+02],
        [-1.9589e+02,  6.5384e+02, -1.7434e+02],
        [-3.0132e+02, -4.0100e+01, -1.9734e+02],
        [-2.3869e+02, -4.7878e+01, -4.0847e+01],
        [-2.5617e+02,  3.7375e+02,  6.5184e+02],
        [-2.2415e+00,  6.1469e+02, -6.8376e+02],
        [ 3.9005e+02, -3.1288e+02,  1.0232e+03],
        [ 1.0694e+03, -7.7570e+02, -8.0663e+02],
        [-1.9397e+02,  2.2864e+02, -9.3756e+01],
        [-8.6591e+01,  2.3232e+01, -1.0395e+02],
        [ 3.5873e+02, -2.0591e+02, -5.5356e+02],
        [-6.4224e+02, -8.6683e+02, -1.2786e+02],
        [ 2.9938e+02, -1.5200e+02,  1.4427e+03]])
Debug dx at time 14 : 0.03480605408549309
(Debug) dd : tensor([ 0.0044,  0.0664,  0.0727,  0.0219,  0.0059,  0.0131,  0.0159,  0.0067,
         0.0301,  0.0295,  0.1637, -0.0902,  0.0724,  0.0126, -0.0811,  0.0116,
         0.0064,  0.0206,  0.0213,  0.0718,  0.0142,  0.0814, -0.2493, -0.0112,
        -0.0100,  0.0713,  0.0910,  0.0347, -0.0018, -0.0020, -0.0617, -0.0028,
        -0.0615, -0.0109,  0.0413,  0.1036,  0.1147, -0.0049,  0.0013,  0.0198,
         0.0069,  0.0172, -0.0577,  0.1087,  0.0946,  0.0146, -0.0013,  0.0356,
         0.0109,  0.0945,  0.0200,  0.0139,  0.0062,  0.0652,  0.0158,  0.1528,
        -0.1691,  0.0203,  0.0915,  0.0133,  0.0575,  0.1494, -0.0006, -0.0865,
        -0.0038,  0.0308,  0.2402,  0.0643,  0.0077, -0.0758,  0.0068, -0.0297,
        -0.0203, -0.0322, -0.0884,  0.0060,  0.0413,  0.0617])
(Debug) dx : tensor([[ 4.7458e-02, -1.5914e-05, -1.8720e-02],
        [-2.7144e-02,  9.0605e-02, -2.4159e-02],
        [-4.1755e-02, -5.5569e-03, -2.7345e-02],
        [-3.3077e-02, -6.6346e-03, -5.6604e-03],
        [-3.5498e-02,  5.1792e-02,  9.0327e-02],
        [-3.1090e-04,  8.5179e-02, -9.4750e-02],
        [ 5.4050e-02, -4.3357e-02,  1.4179e-01],
        [ 1.4819e-01, -1.0749e-01, -1.1178e-01],
        [-2.6880e-02,  3.1683e-02, -1.2992e-02],
        [-1.1999e-02,  3.2192e-03, -1.4405e-02],
        [ 4.9711e-02, -2.8534e-02, -7.6708e-02],
        [-8.8998e-02, -1.2012e-01, -1.7718e-02],
        [ 4.1486e-02, -2.1063e-02,  1.9992e-01]])
(Debug) sigma_t_hat_square at time 13 : 0.0002621056919451803
(Debug) score size (cart) : tensor([[ 3.6213e+02, -1.2144e-01, -1.4284e+02],
        [-2.0713e+02,  6.9136e+02, -1.8435e+02],
        [-3.1861e+02, -4.2402e+01, -2.0866e+02],
        [-2.5239e+02, -5.0626e+01, -4.3191e+01],
        [-2.7087e+02,  3.9520e+02,  6.8924e+02],
        [-2.3723e+00,  6.4996e+02, -7.2299e+02],
        [ 4.1243e+02, -3.3084e+02,  1.0819e+03],
        [ 1.1308e+03, -8.2021e+02, -8.5291e+02],
        [-2.0510e+02,  2.4176e+02, -9.9137e+01],
        [-9.1560e+01,  2.4564e+01, -1.0992e+02],
        [ 3.7932e+02, -2.1773e+02, -5.8532e+02],
        [-6.7910e+02, -9.1657e+02, -1.3520e+02],
        [ 3.1656e+02, -1.6072e+02,  1.5255e+03]])
Debug dx at time 13 : 0.03496613726019859
(Debug) dd : tensor([ 0.0106,  0.0643,  0.0697,  0.0248,  0.0153,  0.0324,  0.0375,  0.0080,
         0.0292,  0.0287,  0.1574, -0.0744,  0.0707,  0.0145, -0.0757,  0.0128,
         0.0237,  0.0470,  0.0213,  0.0693,  0.0178,  0.0871, -0.2364, -0.0105,
        -0.0049,  0.0698,  0.0933,  0.0452, -0.0006, -0.0013, -0.0564,  0.0019,
        -0.0424, -0.0043,  0.0418,  0.1021,  0.1174, -0.0043,  0.0015,  0.0257,
         0.0168,  0.0328, -0.0500,  0.1051,  0.1093,  0.0166,  0.0014,  0.0469,
         0.0248,  0.0970,  0.0524,  0.0380,  0.0077,  0.0636,  0.0170,  0.1505,
        -0.1449,  0.0536,  0.0937,  0.0181,  0.0608,  0.1468,  0.0003, -0.0689,
         0.0046,  0.0320,  0.2308,  0.0998,  0.0077, -0.0704,  0.0120, -0.0142,
        -0.0172, -0.0258, -0.0761,  0.0174,  0.0563,  0.0775])
(Debug) dx : tensor([[ 4.5369e-02, -1.5199e-05, -1.7896e-02],
        [-2.5950e-02,  8.6618e-02, -2.3096e-02],
        [-3.9917e-02, -5.3123e-03, -2.6142e-02],
        [-3.1621e-02, -6.3427e-03, -5.4112e-03],
        [-3.3936e-02,  4.9513e-02,  8.6352e-02],
        [-2.9695e-04,  8.1431e-02, -9.0581e-02],
        [ 5.1672e-02, -4.1449e-02,  1.3555e-01],
        [ 1.4167e-01, -1.0276e-01, -1.0686e-01],
        [-2.5697e-02,  3.0289e-02, -1.2420e-02],
        [-1.1471e-02,  3.0776e-03, -1.3771e-02],
        [ 4.7523e-02, -2.7278e-02, -7.3332e-02],
        [-8.5081e-02, -1.1483e-01, -1.6938e-02],
        [ 3.9661e-02, -2.0136e-02,  1.9112e-01]])
(Debug) sigma_t_hat_square at time 12 : 0.0002386149571975693
(Debug) score size (cart) : tensor([[ 3.8027e+02, -1.2740e-01, -1.5000e+02],
        [-2.1750e+02,  7.2600e+02, -1.9359e+02],
        [-3.3457e+02, -4.4526e+01, -2.1911e+02],
        [-2.6504e+02, -5.3163e+01, -4.5355e+01],
        [-2.8444e+02,  4.1500e+02,  7.2378e+02],
        [-2.4890e+00,  6.8253e+02, -7.5922e+02],
        [ 4.3310e+02, -3.4742e+02,  1.1361e+03],
        [ 1.1874e+03, -8.6131e+02, -8.9565e+02],
        [-2.1538e+02,  2.5387e+02, -1.0410e+02],
        [-9.6148e+01,  2.5796e+01, -1.1542e+02],
        [ 3.9833e+02, -2.2864e+02, -6.1465e+02],
        [-7.1312e+02, -9.6250e+02, -1.4197e+02],
        [ 3.3243e+02, -1.6878e+02,  1.6019e+03]])
Debug dx at time 12 : 0.03390241414308548
(Debug) dd : tensor([ 0.0148,  0.0586,  0.0631,  0.0255,  0.0217,  0.0447,  0.0510,  0.0085,
         0.0268,  0.0263,  0.1428, -0.0565,  0.0649,  0.0151, -0.0667,  0.0130,
         0.0358,  0.0642,  0.0199,  0.0631,  0.0196,  0.0858, -0.2111, -0.0094,
        -0.0006,  0.0642,  0.0891,  0.0505,  0.0003, -0.0006, -0.0486,  0.0055,
        -0.0240,  0.0014,  0.0397,  0.0945,  0.1119, -0.0035,  0.0015,  0.0286,
         0.0234,  0.0428, -0.0407,  0.0957,  0.1133,  0.0172,  0.0034,  0.0526,
         0.0341,  0.0923,  0.0733,  0.0541,  0.0084,  0.0585,  0.0169,  0.1393,
        -0.1151,  0.0751,  0.0893,  0.0208,  0.0597,  0.1356,  0.0010, -0.0498,
         0.0111,  0.0309,  0.2091,  0.1189,  0.0072, -0.0616,  0.0154, -0.0008,
        -0.0136, -0.0191, -0.0613,  0.0253,  0.0643,  0.0844])
(Debug) dx : tensor([[ 4.0924e-02, -1.3709e-05, -1.6143e-02],
        [-2.3407e-02,  7.8131e-02, -2.0833e-02],
        [-3.6006e-02, -4.7920e-03, -2.3581e-02],
        [-2.8523e-02, -5.7212e-03, -4.8811e-03],
        [-3.0611e-02,  4.4661e-02,  7.7892e-02],
        [-2.6798e-04,  7.3452e-02, -8.1706e-02],
        [ 4.6609e-02, -3.7388e-02,  1.2227e-01],
        [ 1.2779e-01, -9.2693e-02, -9.6388e-02],
        [-2.3179e-02,  2.7321e-02, -1.1203e-02],
        [-1.0347e-02,  2.7760e-03, -1.2422e-02],
        [ 4.2867e-02, -2.4605e-02, -6.6148e-02],
        [-7.6745e-02, -1.0358e-01, -1.5279e-02],
        [ 3.5775e-02, -1.8163e-02,  1.7239e-01]])
(Debug) sigma_t_hat_square at time 11 : 0.00020776486780960113
(Debug) score size (cart) : tensor([[ 3.9395e+02, -1.3197e-01, -1.5539e+02],
        [-2.2533e+02,  7.5211e+02, -2.0055e+02],
        [-3.4661e+02, -4.6129e+01, -2.2699e+02],
        [-2.7457e+02, -5.5074e+01, -4.6986e+01],
        [-2.9467e+02,  4.2992e+02,  7.4981e+02],
        [-2.5797e+00,  7.0707e+02, -7.8652e+02],
        [ 4.4867e+02, -3.5991e+02,  1.1770e+03],
        [ 1.2301e+03, -8.9228e+02, -9.2786e+02],
        [-2.2313e+02,  2.6300e+02, -1.0785e+02],
        [-9.9605e+01,  2.6723e+01, -1.1957e+02],
        [ 4.1265e+02, -2.3686e+02, -6.3675e+02],
        [-7.3877e+02, -9.9711e+02, -1.4708e+02],
        [ 3.4438e+02, -1.7485e+02,  1.6595e+03]])
Debug dx at time 11 : 0.031187620013952255
(Debug) dd : tensor([ 1.6575e-02,  5.0496e-02,  5.3982e-02,  2.4143e-02,  2.4287e-02,
         4.8811e-02,  5.5074e-02,  8.1933e-03,  2.3123e-02,  2.2708e-02,
         1.2233e-01, -3.9745e-02,  5.6168e-02,  1.4389e-02, -5.5658e-02,
         1.2144e-02,  4.1019e-02,  7.0115e-02,  1.7540e-02,  5.4278e-02,
         1.9308e-02,  7.8411e-02, -1.7808e-01, -7.8619e-03,  2.4431e-03,
         5.5755e-02,  7.9605e-02,  5.0210e-02,  9.1386e-04, -1.1241e-04,
        -3.9610e-02,  7.5464e-03, -9.3577e-03,  5.1036e-03,  3.5260e-02,
         8.2397e-02,  9.9784e-02, -2.6834e-03,  1.3523e-03,  2.8332e-02,
         2.5987e-02,  4.6114e-02, -3.1236e-02,  8.2362e-02,  1.0703e-01,
         1.6308e-02,  4.5886e-03,  5.2221e-02,  3.7745e-02,  8.1913e-02,
         8.0389e-02,  6.0086e-02,  8.2805e-03,  5.0671e-02,  1.5608e-02,
         1.2128e-01, -8.5273e-02,  8.2305e-02,  7.9669e-02,  2.1142e-02,
         5.4435e-02,  1.1791e-01,  1.3850e-03, -3.2809e-02,  1.4646e-02,
         2.7876e-02,  1.7897e-01,  1.2082e-01,  6.3546e-03, -5.1069e-02,
         1.6602e-02,  8.4333e-03, -1.0103e-02, -1.3016e-02, -4.6548e-02,
         2.8665e-02,  6.4699e-02,  8.2273e-02])
(Debug) dx : tensor([[ 3.4911e-02, -1.1683e-05, -1.3771e-02],
        [-1.9968e-02,  6.6651e-02, -1.7772e-02],
        [-3.0716e-02, -4.0879e-03, -2.0116e-02],
        [-2.4332e-02, -4.8806e-03, -4.1639e-03],
        [-2.6113e-02,  3.8099e-02,  6.6447e-02],
        [-2.2852e-04,  6.2660e-02, -6.9701e-02],
        [ 3.9761e-02, -3.1895e-02,  1.0430e-01],
        [ 1.0901e-01, -7.9073e-02, -8.2226e-02],
        [-1.9773e-02,  2.3307e-02, -9.5574e-03],
        [-8.8269e-03,  2.3681e-03, -1.0596e-02],
        [ 3.6568e-02, -2.0990e-02, -5.6428e-02],
        [-6.5469e-02, -8.8362e-02, -1.3034e-02],
        [ 3.0518e-02, -1.5495e-02,  1.4706e-01]])
(Debug) sigma_t_hat_square at time 10 : 0.00017428836144972593
(Debug) score size (cart) : tensor([[ 4.0061e+02, -1.3406e-01, -1.5802e+02],
        [-2.2914e+02,  7.6484e+02, -2.0394e+02],
        [-3.5247e+02, -4.6910e+01, -2.3083e+02],
        [-2.7921e+02, -5.6006e+01, -4.7782e+01],
        [-2.9965e+02,  4.3720e+02,  7.6249e+02],
        [-2.6224e+00,  7.1904e+02, -7.9983e+02],
        [ 4.5626e+02, -3.6600e+02,  1.1969e+03],
        [ 1.2509e+03, -9.0738e+02, -9.4356e+02],
        [-2.2690e+02,  2.6745e+02, -1.0967e+02],
        [-1.0129e+02,  2.7174e+01, -1.2160e+02],
        [ 4.1963e+02, -2.4087e+02, -6.4753e+02],
        [-7.5127e+02, -1.0140e+03, -1.4956e+02],
        [ 3.5021e+02, -1.7780e+02,  1.6876e+03]])
Debug dx at time 10 : 0.02685954049229622
(Debug) dd : tensor([ 1.6155e-02,  4.1561e-02,  4.4190e-02,  2.1312e-02,  2.3582e-02,
         4.6427e-02,  5.2019e-02,  7.3509e-03,  1.9087e-02,  1.8748e-02,
         1.0026e-01, -2.6451e-02,  4.6390e-02,  1.2771e-02, -4.4561e-02,
         1.0639e-02,  4.0380e-02,  6.7030e-02,  1.4691e-02,  4.4607e-02,
         1.7536e-02,  6.7410e-02, -1.4369e-01, -6.3413e-03,  3.9980e-03,
         4.6168e-02,  6.7333e-02,  4.5709e-02,  1.1975e-03,  1.8752e-04,
        -3.1051e-02,  8.1058e-03,  7.6294e-06,  6.8399e-03,  2.9757e-02,
         6.8461e-02,  8.4266e-02, -1.9991e-03,  1.1797e-03,  2.5680e-02,
         2.5118e-02,  4.3909e-02, -2.3121e-02,  6.7725e-02,  9.4033e-02,
         1.4430e-02,  4.8809e-03,  4.7448e-02,  3.6501e-02,  6.8848e-02,
         7.6648e-02,  5.7935e-02,  7.5216e-03,  4.1913e-02,  1.3551e-02,
         1.0067e-01, -6.0217e-02,  7.8433e-02,  6.7306e-02,  1.9545e-02,
         4.6822e-02,  9.7773e-02,  1.5066e-03, -1.9970e-02,  1.5493e-02,
         2.3800e-02,  1.4656e-01,  1.1038e-01,  5.3295e-03, -4.0651e-02,
         1.5891e-02,  1.3080e-02, -7.2367e-03, -8.3828e-03, -3.3950e-02,
         2.8082e-02,  5.9255e-02,  7.3769e-02])
(Debug) dx : tensor([[ 2.8514e-02, -9.5367e-06, -1.1248e-02],
        [-1.6309e-02,  5.4439e-02, -1.4516e-02],
        [-2.5088e-02, -3.3388e-03, -1.6430e-02],
        [-1.9874e-02, -3.9864e-03, -3.4010e-03],
        [-2.1329e-02,  3.1118e-02,  5.4272e-02],
        [-1.8668e-04,  5.1179e-02, -5.6930e-02],
        [ 3.2475e-02, -2.6051e-02,  8.5192e-02],
        [ 8.9038e-02, -6.4585e-02, -6.7160e-02],
        [-1.6150e-02,  1.9037e-02, -7.8062e-03],
        [-7.2096e-03,  1.9343e-03, -8.6549e-03],
        [ 2.9868e-02, -1.7144e-02, -4.6089e-02],
        [-5.3473e-02, -7.2172e-02, -1.0646e-02],
        [ 2.4927e-02, -1.2656e-02,  1.2012e-01]])
(Debug) sigma_t_hat_square at time 9 : 0.00014237417781259865
(Debug) score size (cart) : tensor([[ 4.0056e+02, -1.3397e-01, -1.5800e+02],
        [-2.2911e+02,  7.6473e+02, -2.0391e+02],
        [-3.5242e+02, -4.6902e+01, -2.3080e+02],
        [-2.7917e+02, -5.5998e+01, -4.7775e+01],
        [-2.9961e+02,  4.3714e+02,  7.6238e+02],
        [-2.6224e+00,  7.1894e+02, -7.9972e+02],
        [ 4.5620e+02, -3.6595e+02,  1.1967e+03],
        [ 1.2508e+03, -9.0725e+02, -9.4343e+02],
        [-2.2687e+02,  2.6742e+02, -1.0966e+02],
        [-1.0128e+02,  2.7172e+01, -1.2158e+02],
        [ 4.1957e+02, -2.4083e+02, -6.4744e+02],
        [-7.5116e+02, -1.0138e+03, -1.4954e+02],
        [ 3.5016e+02, -1.7778e+02,  1.6873e+03]])
Debug dx at time 9 : 0.021662382408976555
(Debug) dd : tensor([ 0.0145,  0.0334,  0.0354,  0.0180,  0.0211,  0.0409,  0.0456,  0.0063,
         0.0154,  0.0151,  0.0804, -0.0172,  0.0374,  0.0109, -0.0350,  0.0090,
         0.0365,  0.0594,  0.0120,  0.0358,  0.0151,  0.0560, -0.1135, -0.0050,
         0.0045,  0.0373,  0.0553,  0.0394,  0.0012,  0.0003, -0.0240,  0.0077,
         0.0049,  0.0071,  0.0244,  0.0555,  0.0691, -0.0015,  0.0010,  0.0221,
         0.0224,  0.0389, -0.0170,  0.0544,  0.0792,  0.0122,  0.0046,  0.0409,
         0.0327,  0.0562,  0.0676,  0.0516,  0.0065,  0.0338,  0.0113,  0.0815,
        -0.0419,  0.0692,  0.0552,  0.0171,  0.0389,  0.0791,  0.0014, -0.0116,
         0.0146,  0.0197,  0.1174,  0.0949,  0.0043, -0.0318,  0.0142,  0.0143,
        -0.0051, -0.0053, -0.0245,  0.0253,  0.0513,  0.0629])
(Debug) dx : tensor([[ 2.2804e-02, -7.6294e-06, -8.9951e-03],
        [-1.3043e-02,  4.3537e-02, -1.1609e-02],
        [-2.0064e-02, -2.6702e-03, -1.3140e-02],
        [-1.5894e-02, -3.1880e-03, -2.7199e-03],
        [-1.7057e-02,  2.4887e-02,  4.3403e-02],
        [-1.4937e-04,  4.0930e-02, -4.5529e-02],
        [ 2.5972e-02, -2.0834e-02,  6.8131e-02],
        [ 7.1207e-02, -5.1651e-02, -5.3710e-02],
        [-1.2916e-02,  1.5224e-02, -6.2428e-03],
        [-5.7657e-03,  1.5469e-03, -6.9216e-03],
        [ 2.3887e-02, -1.3711e-02, -3.6859e-02],
        [-4.2765e-02, -5.7719e-02, -8.5137e-03],
        [ 1.9935e-02, -1.0121e-02,  9.6063e-02]])
(Debug) sigma_t_hat_square at time 8 : 0.0001145914793596603
(Debug) score size (cart) : tensor([[ 3.9801e+02, -1.3316e-01, -1.5700e+02],
        [-2.2765e+02,  7.5986e+02, -2.0261e+02],
        [-3.5018e+02, -4.6603e+01, -2.2933e+02],
        [-2.7740e+02, -5.5641e+01, -4.7471e+01],
        [-2.9770e+02,  4.3435e+02,  7.5753e+02],
        [-2.6070e+00,  7.1436e+02, -7.9463e+02],
        [ 4.5329e+02, -3.6362e+02,  1.1891e+03],
        [ 1.2428e+03, -9.0148e+02, -9.3742e+02],
        [-2.2543e+02,  2.6571e+02, -1.0896e+02],
        [-1.0063e+02,  2.6998e+01, -1.2081e+02],
        [ 4.1690e+02, -2.3930e+02, -6.4332e+02],
        [-7.4638e+02, -1.0074e+03, -1.4859e+02],
        [ 3.4793e+02, -1.7665e+02,  1.6766e+03]])
Debug dx at time 8 : 0.01670031249523163
(Debug) dd : tensor([ 0.0126,  0.0269,  0.0284,  0.0151,  0.0183,  0.0349,  0.0388,  0.0053,
         0.0124,  0.0122,  0.0646, -0.0114,  0.0302,  0.0091, -0.0277,  0.0075,
         0.0317,  0.0509,  0.0097,  0.0288,  0.0128,  0.0461, -0.0900, -0.0040,
         0.0044,  0.0301,  0.0451,  0.0333,  0.0012,  0.0004, -0.0187,  0.0069,
         0.0069,  0.0067,  0.0199,  0.0449,  0.0563, -0.0011,  0.0008,  0.0186,
         0.0194,  0.0334, -0.0126,  0.0438,  0.0658,  0.0102,  0.0041,  0.0345,
         0.0282,  0.0457,  0.0578,  0.0444,  0.0055,  0.0273,  0.0094,  0.0659,
        -0.0296,  0.0591,  0.0450,  0.0145,  0.0321,  0.0639,  0.0013, -0.0065,
         0.0131,  0.0162,  0.0943,  0.0798,  0.0035, -0.0251,  0.0123,  0.0139,
        -0.0037, -0.0033, -0.0180,  0.0220,  0.0434,  0.0527])
(Debug) dx : tensor([[ 1.8277e-02, -6.1393e-06, -7.2095e-03],
        [-1.0454e-02,  3.4894e-02, -9.3045e-03],
        [-1.6081e-02, -2.1400e-03, -1.0531e-02],
        [-1.2739e-02, -2.5552e-03, -2.1800e-03],
        [-1.3671e-02,  1.9946e-02,  3.4787e-02],
        [-1.1981e-04,  3.2805e-02, -3.6491e-02],
        [ 2.0816e-02, -1.6698e-02,  5.4607e-02],
        [ 5.7072e-02, -4.1398e-02, -4.3048e-02],
        [-1.0352e-02,  1.2202e-02, -5.0036e-03],
        [-4.6212e-03,  1.2398e-03, -5.5476e-03],
        [ 1.9145e-02, -1.0989e-02, -2.9542e-02],
        [-3.4275e-02, -4.6261e-02, -6.8236e-03],
        [ 1.5978e-02, -8.1121e-03,  7.6993e-02]])
(Debug) sigma_t_hat_square at time 7 : 9.16483550099656e-05
(Debug) score size (cart) : tensor([[ 3.9886e+02, -1.3397e-01, -1.5733e+02],
        [-2.2813e+02,  7.6148e+02, -2.0305e+02],
        [-3.5093e+02, -4.6701e+01, -2.2982e+02],
        [-2.7799e+02, -5.5761e+01, -4.7572e+01],
        [-2.9834e+02,  4.3528e+02,  7.5915e+02],
        [-2.6145e+00,  7.1589e+02, -7.9633e+02],
        [ 4.5427e+02, -3.6439e+02,  1.1917e+03],
        [ 1.2455e+03, -9.0341e+02, -9.3942e+02],
        [-2.2591e+02,  2.6628e+02, -1.0919e+02],
        [-1.0085e+02,  2.7055e+01, -1.2106e+02],
        [ 4.1779e+02, -2.3981e+02, -6.4469e+02],
        [-7.4797e+02, -1.0095e+03, -1.4891e+02],
        [ 3.4867e+02, -1.7703e+02,  1.6802e+03]])
Debug dx at time 7 : 0.012753017246723175
(Debug) dd : tensor([ 0.0109,  0.0220,  0.0231,  0.0126,  0.0157,  0.0297,  0.0329,  0.0045,
         0.0101,  0.0100,  0.0526, -0.0077,  0.0247,  0.0076, -0.0223,  0.0062,
         0.0273,  0.0434,  0.0080,  0.0235,  0.0108,  0.0382, -0.0725, -0.0032,
         0.0040,  0.0247,  0.0372,  0.0282,  0.0011,  0.0004, -0.0149,  0.0061,
         0.0074,  0.0061,  0.0164,  0.0368,  0.0464, -0.0009,  0.0007,  0.0157,
         0.0166,  0.0285, -0.0097,  0.0357,  0.0549,  0.0086,  0.0036,  0.0291,
         0.0242,  0.0375,  0.0491,  0.0379,  0.0047,  0.0224,  0.0078,  0.0540,
        -0.0215,  0.0502,  0.0371,  0.0124,  0.0266,  0.0523,  0.0012, -0.0036,
         0.0115,  0.0134,  0.0768,  0.0671,  0.0029, -0.0201,  0.0105,  0.0127,
        -0.0028, -0.0022, -0.0136,  0.0190,  0.0367,  0.0443])
(Debug) dx : tensor([[ 1.4871e-02, -5.0068e-06, -5.8660e-03],
        [-8.5059e-03,  2.8392e-02, -7.5705e-03],
        [-1.3084e-02, -1.7413e-03, -8.5688e-03],
        [-1.0365e-02, -2.0790e-03, -1.7737e-03],
        [-1.1124e-02,  1.6229e-02,  2.8305e-02],
        [-9.7394e-05,  2.6691e-02, -2.9691e-02],
        [ 1.6937e-02, -1.3586e-02,  4.4430e-02],
        [ 4.6436e-02, -3.3683e-02, -3.5026e-02],
        [-8.4229e-03,  9.9282e-03, -4.0711e-03],
        [-3.7600e-03,  1.0089e-03, -4.5138e-03],
        [ 1.5577e-02, -8.9412e-03, -2.4037e-02],
        [-2.7888e-02, -3.7640e-02, -5.5520e-03],
        [ 1.3000e-02, -6.6003e-03,  6.2645e-02]])
(Debug) sigma_t_hat_square at time 6 : 7.29770035832189e-05
(Debug) score size (cart) : tensor([[ 4.0756e+02, -1.3722e-01, -1.6076e+02],
        [-2.3311e+02,  7.7810e+02, -2.0748e+02],
        [-3.5858e+02, -4.7722e+01, -2.3483e+02],
        [-2.8406e+02, -5.6977e+01, -4.8609e+01],
        [-3.0485e+02,  4.4477e+02,  7.7571e+02],
        [-2.6692e+00,  7.3150e+02, -8.1370e+02],
        [ 4.6416e+02, -3.7235e+02,  1.2177e+03],
        [ 1.2726e+03, -9.2311e+02, -9.5992e+02],
        [-2.3084e+02,  2.7209e+02, -1.1157e+02],
        [-1.0305e+02,  2.7649e+01, -1.2371e+02],
        [ 4.2691e+02, -2.4504e+02, -6.5875e+02],
        [-7.6430e+02, -1.0316e+03, -1.5216e+02],
        [ 3.5628e+02, -1.8089e+02,  1.7168e+03]])
Debug dx at time 6 : 0.010013364255428314
(Debug) dd : tensor([ 0.0094,  0.0182,  0.0191,  0.0107,  0.0134,  0.0252,  0.0279,  0.0038,
         0.0084,  0.0083,  0.0434, -0.0053,  0.0204,  0.0065, -0.0182,  0.0053,
         0.0235,  0.0370,  0.0067,  0.0194,  0.0092,  0.0320, -0.0593, -0.0026,
         0.0036,  0.0204,  0.0310,  0.0239,  0.0009,  0.0003, -0.0120,  0.0053,
         0.0073,  0.0055,  0.0137,  0.0305,  0.0387, -0.0007,  0.0006,  0.0133,
         0.0142,  0.0244, -0.0076,  0.0295,  0.0462,  0.0073,  0.0032,  0.0246,
         0.0208,  0.0312,  0.0418,  0.0324,  0.0040,  0.0185,  0.0066,  0.0447,
        -0.0160,  0.0427,  0.0309,  0.0106,  0.0223,  0.0434,  0.0010, -0.0018,
         0.0100,  0.0112,  0.0634,  0.0567,  0.0024, -0.0164,  0.0090,  0.0114,
        -0.0021, -0.0014, -0.0105,  0.0163,  0.0312,  0.0374])
(Debug) dx : tensor([[ 1.2265e-02, -4.1723e-06, -4.8380e-03],
        [-7.0153e-03,  2.3416e-02, -6.2438e-03],
        [-1.0791e-02, -1.4361e-03, -7.0671e-03],
        [-8.5484e-03, -1.7146e-03, -1.4628e-03],
        [-9.1741e-03,  1.3385e-02,  2.3344e-02],
        [-8.0347e-05,  2.2014e-02, -2.4487e-02],
        [ 1.3969e-02, -1.1205e-02,  3.6644e-02],
        [ 3.8298e-02, -2.7780e-02, -2.8888e-02],
        [-6.9468e-03,  8.1882e-03, -3.3576e-03],
        [-3.1011e-03,  8.3208e-04, -3.7228e-03],
        [ 1.2847e-02, -7.3743e-03, -1.9825e-02],
        [-2.3001e-02, -3.1044e-02, -4.5790e-03],
        [ 1.0722e-02, -5.4436e-03,  5.1666e-02]])
(Debug) sigma_t_hat_square at time 5 : 5.7516866945661604e-05
(Debug) score size (cart) : tensor([[ 4.2648e+02, -1.4508e-01, -1.6823e+02],
        [-2.4394e+02,  8.1423e+02, -2.1711e+02],
        [-3.7523e+02, -4.9937e+01, -2.4574e+02],
        [-2.9725e+02, -5.9622e+01, -5.0867e+01],
        [-3.1901e+02,  4.6543e+02,  8.1173e+02],
        [-2.7939e+00,  7.6547e+02, -8.5149e+02],
        [ 4.8573e+02, -3.8963e+02,  1.2742e+03],
        [ 1.3317e+03, -9.6598e+02, -1.0045e+03],
        [-2.4156e+02,  2.8473e+02, -1.1675e+02],
        [-1.0783e+02,  2.8933e+01, -1.2945e+02],
        [ 4.4673e+02, -2.5642e+02, -6.8935e+02],
        [-7.9979e+02, -1.0795e+03, -1.5922e+02],
        [ 3.7282e+02, -1.8929e+02,  1.7966e+03]])
Debug dx at time 5 : 0.008314766921103
(Debug) dd : tensor([ 0.0080,  0.0150,  0.0157,  0.0090,  0.0114,  0.0213,  0.0235,  0.0032,
         0.0069,  0.0068,  0.0358, -0.0037,  0.0169,  0.0054, -0.0149,  0.0044,
         0.0200,  0.0313,  0.0055,  0.0160,  0.0078,  0.0267, -0.0485, -0.0022,
         0.0032,  0.0169,  0.0258,  0.0202,  0.0008,  0.0003, -0.0097,  0.0046,
         0.0068,  0.0048,  0.0114,  0.0252,  0.0321, -0.0005,  0.0005,  0.0112,
         0.0121,  0.0207, -0.0060,  0.0244,  0.0386,  0.0061,  0.0027,  0.0207,
         0.0177,  0.0259,  0.0352,  0.0274,  0.0033,  0.0153,  0.0055,  0.0370,
        -0.0120,  0.0360,  0.0257,  0.0089,  0.0186,  0.0359,  0.0009, -0.0007,
         0.0086,  0.0093,  0.0522,  0.0476,  0.0020, -0.0134,  0.0077,  0.0101,
        -0.0016, -0.0009, -0.0082,  0.0139,  0.0263,  0.0314])
(Debug) dx : tensor([[ 1.0107e-02, -3.3379e-06, -3.9866e-03],
        [-5.7807e-03,  1.9295e-02, -5.1449e-03],
        [-8.8921e-03, -1.1835e-03, -5.8235e-03],
        [-7.0441e-03, -1.4129e-03, -1.2054e-03],
        [-7.5597e-03,  1.1030e-02,  1.9236e-02],
        [-6.6042e-05,  1.8140e-02, -2.0178e-02],
        [ 1.1510e-02, -9.2334e-03,  3.0195e-02],
        [ 3.1559e-02, -2.2891e-02, -2.3804e-02],
        [-5.7243e-03,  6.7472e-03, -2.7668e-03],
        [-2.5553e-03,  6.8545e-04, -3.0676e-03],
        [ 1.0586e-02, -6.0766e-03, -1.6336e-02],
        [-1.8953e-02, -2.5581e-02, -3.7732e-03],
        [ 8.8350e-03, -4.4855e-03,  4.2574e-02]])
(Debug) sigma_t_hat_square at time 4 : 4.423192876856774e-05
(Debug) score size (cart) : tensor([[ 4.5699e+02, -1.5093e-01, -1.8026e+02],
        [-2.6138e+02,  8.7246e+02, -2.3263e+02],
        [-4.0207e+02, -5.3514e+01, -2.6332e+02],
        [-3.1851e+02, -6.3887e+01, -5.4506e+01],
        [-3.4182e+02,  4.9871e+02,  8.6978e+02],
        [-2.9862e+00,  8.2022e+02, -9.1237e+02],
        [ 5.2046e+02, -4.1750e+02,  1.3653e+03],
        [ 1.4270e+03, -1.0351e+03, -1.0763e+03],
        [-2.5883e+02,  3.0508e+02, -1.2511e+02],
        [-1.1554e+02,  3.0994e+01, -1.3871e+02],
        [ 4.7868e+02, -2.7476e+02, -7.3864e+02],
        [-8.5699e+02, -1.1567e+03, -1.7061e+02],
        [ 3.9948e+02, -2.0282e+02,  1.9250e+03]])
Debug dx at time 4 : 0.007405860349535942
(Debug) dd : tensor([ 6.5585e-03,  1.2028e-02,  1.2610e-02,  7.2813e-03,  9.3778e-03,
         1.7385e-02,  1.9160e-02,  2.6042e-03,  5.5709e-03,  5.4750e-03,
         2.8689e-02, -2.4709e-03,  1.3529e-02,  4.4162e-03, -1.1872e-02,
         3.5794e-03,  1.6432e-02,  2.5653e-02,  4.4508e-03,  1.2856e-02,
         6.3503e-03,  2.1552e-02, -3.8500e-02, -1.7339e-03,  2.7161e-03,
         1.3572e-02,  2.0785e-02,  1.6449e-02,  6.9726e-04,  2.7573e-04,
        -7.6892e-03,  3.8199e-03,  6.0508e-03,  4.0120e-03,  9.1829e-03,
         2.0285e-02,  2.5891e-02, -4.1270e-04,  3.9411e-04,  9.1187e-03,
         9.9034e-03,  1.6940e-02, -4.6053e-03,  1.9549e-02,  3.1314e-02,
         4.9565e-03,  2.2814e-03,  1.6910e-02,  1.4509e-02,  2.0805e-02,
         2.8783e-02,  2.2439e-02,  2.7332e-03,  1.2292e-02,  4.4770e-03,
         2.9730e-02, -8.8091e-03,  2.9395e-02,  2.0706e-02,  7.3144e-03,
         1.5086e-02,  2.8806e-02,  7.2575e-04, -5.2214e-05,  7.1526e-03,
         7.5526e-03,  4.1836e-02,  3.8687e-02,  1.6215e-03, -1.0617e-02,
         6.3229e-03,  8.4994e-03, -1.2333e-03, -5.6314e-04, -6.2349e-03,
         1.1418e-02,  2.1473e-02,  2.5533e-02])
(Debug) dx : tensor([[ 8.0887e-03, -2.7418e-06, -3.1906e-03],
        [-4.6265e-03,  1.5443e-02, -4.1177e-03],
        [-7.1166e-03, -9.4700e-04, -4.6607e-03],
        [-5.6375e-03, -1.1308e-03, -9.6473e-04],
        [-6.0502e-03,  8.8273e-03,  1.5395e-02],
        [-5.2810e-05,  1.4518e-02, -1.6149e-02],
        [ 9.2123e-03, -7.3898e-03,  2.4166e-02],
        [ 2.5257e-02, -1.8321e-02, -1.9051e-02],
        [-4.5814e-03,  5.4001e-03, -2.2144e-03],
        [-2.0451e-03,  5.4884e-04, -2.4551e-03],
        [ 8.4727e-03, -4.8633e-03, -1.3074e-02],
        [-1.5169e-02, -2.0473e-02, -3.0198e-03],
        [ 7.0709e-03, -3.5900e-03,  3.4074e-02]])
(Debug) sigma_t_hat_square at time 3 : 3.23124295391608e-05
(Debug) score size (cart) : tensor([[ 5.0066e+02, -1.6971e-01, -1.9748e+02],
        [-2.8636e+02,  9.5583e+02, -2.5487e+02],
        [-4.4049e+02, -5.8615e+01, -2.8848e+02],
        [-3.4894e+02, -6.9993e+01, -5.9713e+01],
        [-3.7448e+02,  5.4637e+02,  9.5290e+02],
        [-3.2687e+00,  8.9860e+02, -9.9957e+02],
        [ 5.7020e+02, -4.5740e+02,  1.4958e+03],
        [ 1.5633e+03, -1.1340e+03, -1.1792e+03],
        [-2.8357e+02,  3.3424e+02, -1.3706e+02],
        [-1.2658e+02,  3.3971e+01, -1.5196e+02],
        [ 5.2442e+02, -3.0101e+02, -8.0923e+02],
        [-9.3888e+02, -1.2672e+03, -1.8691e+02],
        [ 4.3766e+02, -2.2221e+02,  2.1090e+03]])
Debug dx at time 3 : 0.0070830401964485645
(Debug) dd : tensor([ 0.0049,  0.0089,  0.0093,  0.0054,  0.0071,  0.0130,  0.0143,  0.0019,
         0.0041,  0.0040,  0.0211, -0.0015,  0.0100,  0.0033, -0.0087,  0.0027,
         0.0124,  0.0192,  0.0033,  0.0095,  0.0048,  0.0160, -0.0281, -0.0013,
         0.0021,  0.0100,  0.0154,  0.0123,  0.0005,  0.0002, -0.0056,  0.0029,
         0.0048,  0.0031,  0.0068,  0.0150,  0.0191, -0.0003,  0.0003,  0.0068,
         0.0074,  0.0127, -0.0033,  0.0144,  0.0233,  0.0037,  0.0017,  0.0126,
         0.0109,  0.0154,  0.0215,  0.0168,  0.0020,  0.0091,  0.0033,  0.0219,
        -0.0059,  0.0220,  0.0153,  0.0055,  0.0112,  0.0212,  0.0006,  0.0003,
         0.0054,  0.0056,  0.0308,  0.0288,  0.0012, -0.0077,  0.0048,  0.0066,
        -0.0009, -0.0003, -0.0044,  0.0086,  0.0161,  0.0190])
(Debug) dx : tensor([[ 5.9450e-03, -2.0266e-06, -2.3450e-03],
        [-3.4004e-03,  1.1350e-02, -3.0264e-03],
        [-5.2305e-03, -6.9606e-04, -3.4255e-03],
        [-4.1435e-03, -8.3113e-04, -7.0906e-04],
        [-4.4469e-03,  6.4879e-03,  1.1315e-02],
        [-3.9101e-05,  1.0670e-02, -1.1869e-02],
        [ 6.7708e-03, -5.4313e-03,  1.7762e-02],
        [ 1.8564e-02, -1.3465e-02, -1.4002e-02],
        [-3.3672e-03,  3.9690e-03, -1.6276e-03],
        [-1.5031e-03,  4.0340e-04, -1.8045e-03],
        [ 6.2273e-03, -3.5744e-03, -9.6090e-03],
        [-1.1149e-02, -1.5047e-02, -2.2195e-03],
        [ 5.1969e-03, -2.6386e-03,  2.5043e-02]])
(Debug) sigma_t_hat_square at time 2 : 2.1192427084315568e-05
(Debug) score size (cart) : tensor([[ 5.6105e+02, -1.9125e-01, -2.2131e+02],
        [-3.2090e+02,  1.0711e+03, -2.8561e+02],
        [-4.9362e+02, -6.5690e+01, -3.2328e+02],
        [-3.9103e+02, -7.8436e+01, -6.6916e+01],
        [-4.1967e+02,  6.1229e+02,  1.0678e+03],
        [-3.6901e+00,  1.0070e+03, -1.1201e+03],
        [ 6.3899e+02, -5.1257e+02,  1.6762e+03],
        [ 1.7519e+03, -1.2708e+03, -1.3214e+03],
        [-3.1777e+02,  3.7457e+02, -1.5360e+02],
        [-1.4185e+02,  3.8071e+01, -1.7029e+02],
        [ 5.8769e+02, -3.3733e+02, -9.0683e+02],
        [-1.0521e+03, -1.4200e+03, -2.0946e+02],
        [ 4.9045e+02, -2.4901e+02,  2.3634e+03]])
Debug dx at time 2 : 0.007231087423861027
(Debug) dd : tensor([ 2.9092e-03,  5.0938e-03,  5.3282e-03,  3.1643e-03,  4.1403e-03,
         7.5948e-03,  8.3491e-03,  1.1380e-03,  2.3632e-03,  2.3227e-03,
         1.2126e-02, -6.5291e-04,  5.7360e-03,  1.9226e-03, -4.9491e-03,
         1.5523e-03,  7.2756e-03,  1.1255e-02,  1.8995e-03,  5.4412e-03,
         2.7821e-03,  9.2642e-03, -1.5991e-02, -7.2682e-04,  1.2643e-03,
         5.7631e-03,  8.8904e-03,  7.1881e-03,  3.2115e-04,  1.3340e-04,
        -3.1556e-03,  1.7247e-03,  2.9986e-03,  1.8445e-03,  3.9306e-03,
         8.6231e-03,  1.1065e-02, -1.6260e-04,  1.7095e-04,  3.9748e-03,
         4.3674e-03,  7.4549e-03, -1.7936e-03,  8.2755e-03,  1.3528e-02,
         2.1558e-03,  1.0304e-03,  7.3733e-03,  6.4118e-03,  8.8624e-03,
         1.2576e-02,  9.8555e-03,  1.1985e-03,  5.2180e-03,  1.9369e-03,
         1.2630e-02, -3.0541e-03,  1.2839e-02,  8.8513e-03,  3.2179e-03,
         6.4988e-03,  1.2233e-02,  3.2854e-04,  4.0603e-04,  3.2229e-03,
         3.2477e-03,  1.7676e-02,  1.6773e-02,  6.9273e-04, -4.4074e-03,
         2.8026e-03,  3.9349e-03, -4.5800e-04, -9.9659e-05, -2.3665e-03,
         5.0602e-03,  9.3856e-03,  1.1085e-02])
(Debug) dx : tensor([[ 3.4142e-03, -1.0729e-06, -1.3467e-03],
        [-1.9528e-03,  6.5182e-03, -1.7381e-03],
        [-3.0039e-03, -3.9983e-04, -1.9672e-03],
        [-2.3795e-03, -4.7731e-04, -4.0722e-04],
        [-2.5537e-03,  3.7259e-03,  6.4981e-03],
        [-2.2173e-05,  6.1278e-03, -6.8164e-03],
        [ 3.8881e-03, -3.1191e-03,  1.0200e-02],
        [ 1.0661e-02, -7.7329e-03, -8.0413e-03],
        [-1.9337e-03,  2.2793e-03, -9.3472e-04],
        [-8.6322e-04,  2.3139e-04, -1.0363e-03],
        [ 3.5762e-03, -2.0529e-03, -5.5184e-03],
        [-6.4025e-03, -8.6414e-03, -1.2746e-03],
        [ 2.9846e-03, -1.5153e-03,  1.4382e-02]])
(Debug) sigma_t_hat_square at time 1 : 1.0500165444682352e-05
(Debug) score size (cart) : tensor([[ 6.5030e+02, -2.0436e-01, -2.5651e+02],
        [-3.7195e+02,  1.2415e+03, -3.3106e+02],
        [-5.7216e+02, -7.6157e+01, -3.7470e+02],
        [-4.5324e+02, -9.0916e+01, -7.7564e+01],
        [-4.8641e+02,  7.0968e+02,  1.2377e+03],
        [-4.2233e+00,  1.1672e+03, -1.2983e+03],
        [ 7.4058e+02, -5.9411e+02,  1.9429e+03],
        [ 2.0306e+03, -1.4729e+03, -1.5316e+03],
        [-3.6832e+02,  4.3414e+02, -1.7804e+02],
        [-1.6442e+02,  4.4073e+01, -1.9738e+02],
        [ 6.8116e+02, -3.9102e+02, -1.0511e+03],
        [-1.2195e+03, -1.6459e+03, -2.4278e+02],
        [ 5.6848e+02, -2.8862e+02,  2.7394e+03]])
Debug dx at time 1 : 0.007887504994869232
(Debug) dd : tensor([ 1.1873e-04,  2.0313e-04,  2.1219e-04,  1.2779e-04,  1.6844e-04,
         3.0780e-04,  3.3748e-04,  4.6015e-05,  9.3937e-05,  9.2506e-05,
         4.8304e-04, -1.8001e-05,  2.2888e-04,  7.7724e-05, -1.9574e-04,
         6.2466e-05,  2.9707e-04,  4.5657e-04,  7.6056e-05,  2.1672e-04,
         1.1277e-04,  3.7217e-04, -6.3086e-04, -2.8849e-05,  5.2929e-05,
         2.2984e-04,  3.5667e-04,  2.9087e-04,  1.3232e-05,  5.4836e-06,
        -1.2374e-04,  7.1049e-05,  1.2851e-04,  7.6532e-05,  1.5736e-04,
         3.4475e-04,  4.4322e-04, -6.4373e-06,  6.6757e-06,  1.6057e-04,
         1.7750e-04,  3.0303e-04, -6.8426e-05,  3.3045e-04,  5.4502e-04,
         8.7261e-05,  4.1962e-05,  2.9802e-04,  2.6083e-04,  3.5453e-04,
         5.0938e-04,  4.0007e-04,  4.8399e-05,  2.0790e-04,  7.7724e-05,
         5.0449e-04, -1.0800e-04,  5.1999e-04,  3.5501e-04,  1.3065e-04,
         2.6131e-04,  4.8876e-04,  1.3828e-05,  2.4796e-05,  1.3208e-04,
         1.3018e-04,  7.0381e-04,  6.7639e-04,  2.7418e-05, -1.7405e-04,
         1.1420e-04,  1.6356e-04, -1.6928e-05, -1.4305e-06, -8.9169e-05,
         2.0623e-04,  3.7980e-04,  4.4751e-04])
(Debug) dx : tensor([[ 1.3590e-04, -1.1921e-07, -5.3674e-05],
        [-7.7784e-05,  2.5955e-04, -6.9141e-05],
        [-1.1957e-04, -1.5855e-05, -7.8321e-05],
        [-9.4771e-05, -1.8984e-05, -1.6183e-05],
        [-1.0180e-04,  1.4836e-04,  2.5880e-04],
        [-1.1921e-06,  2.4390e-04, -2.7144e-04],
        [ 1.5521e-04, -1.2425e-04,  4.0621e-04],
        [ 4.2439e-04, -3.0804e-04, -3.2020e-04],
        [-7.7009e-05,  9.0778e-05, -3.7074e-05],
        [-3.4362e-05,  9.5367e-06, -4.1306e-05],
        [ 1.4246e-04, -8.1539e-05, -2.1970e-04],
        [-2.5487e-04, -3.4416e-04, -5.0783e-05],
        [ 1.1885e-04, -6.0439e-05,  5.7273e-04]])
(Debug) sigma_t_hat_square at time 0 : 0.0
(Debug) score size (cart) : tensor([[inf, -inf, -inf],
        [-inf, inf, -inf],
        [-inf, -inf, -inf],
        [-inf, -inf, -inf],
        [-inf, inf, inf],
        [-inf, inf, -inf],
        [inf, -inf, inf],
        [inf, -inf, -inf],
        [-inf, inf, -inf],
        [-inf, inf, -inf],
        [inf, -inf, -inf],
        [-inf, -inf, -inf],
        [inf, -inf, inf]])
Debug dx at time 0 : inf
