tensor([1.0602e-05, 1.1015e-05, 1.1705e-05, 1.2848e-05, 1.4717e-05, 1.7705e-05,
        2.2312e-05, 2.9037e-05, 3.8105e-05, 4.9113e-05, 6.0887e-05, 7.1895e-05,
        8.0963e-05, 8.7688e-05, 9.2295e-05, 9.5283e-05, 9.7152e-05, 9.8295e-05,
        9.8985e-05, 9.9398e-05])
tensor([1.0602e-05, 2.1617e-05, 3.3322e-05, 4.6170e-05, 6.0887e-05, 7.8592e-05,
        1.0090e-04, 1.2994e-04, 1.6805e-04, 2.1716e-04, 2.7805e-04, 3.4994e-04,
        4.3090e-04, 5.1859e-04, 6.1089e-04, 7.0617e-04, 8.0332e-04, 9.0162e-04,
        1.0006e-03, 1.1000e-03])
tensor([1.0000, 0.5095, 0.3513, 0.2783, 0.2417, 0.2253, 0.2211, 0.2235, 0.2268,
        0.2262, 0.2190, 0.2054, 0.1879, 0.1691, 0.1511, 0.1349, 0.1209, 0.1090,
        0.0989, 0.0904])
tensor([1.0097, 0.5198, 0.3622, 0.2905, 0.2559, 0.2426, 0.2435, 0.2534, 0.2676,
        0.2818, 0.2931, 0.3013, 0.3089, 0.3199, 0.3398, 0.3769, 0.4484, 0.6045,
        1.0948,    inf])
with distance
(Debug) dd : tensor([-2.9245e-02,  4.5605e-02,  5.4184e-02, -4.1795e-03, -4.2724e-02,
        -7.8214e-02, -8.5435e-02, -3.1614e-03,  2.0318e-02,  1.9967e-02,
         1.1824e-01, -1.1433e-01,  4.4862e-02, -3.5243e-03, -7.0042e-02,
        -5.2965e-04, -7.9507e-02, -1.1301e-01,  1.1325e-02,  5.0067e-02,
        -1.1720e-02,  4.1993e-03, -1.9602e-01, -9.4929e-03, -3.0717e-02,
         4.4852e-02,  2.8801e-02, -3.9087e-02, -6.7378e-03, -4.8747e-03,
        -5.8023e-02, -2.5309e-02, -1.1325e-01, -3.7364e-02,  1.8468e-02,
         5.9735e-02,  3.5826e-02, -6.0694e-03,  1.0490e-04, -2.2196e-02,
        -4.4276e-02, -6.8943e-02, -6.8799e-02,  7.5561e-02, -4.2358e-02,
        -3.3071e-03, -1.4767e-02, -4.3353e-02, -6.3555e-02,  1.4075e-02,
        -1.3100e-01, -1.0306e-01, -4.7324e-03,  4.2212e-02,  1.9331e-03,
         8.6905e-02, -1.8692e-01, -1.3393e-01,  2.9079e-02, -1.8789e-02,
         1.0727e-02,  8.7257e-02, -5.0492e-03, -1.2089e-01, -4.5162e-02,
         9.8214e-03,  1.7338e-01, -1.4502e-01,  4.1124e-03, -6.6992e-02,
        -2.3886e-02, -8.6602e-02, -2.6703e-02, -4.8165e-02, -1.0328e-01,
        -5.3288e-02, -5.9370e-02, -5.8151e-02])
(Debug) dx : tensor([[ 3.6420e-02, -1.2219e-05, -1.4366e-02],
        [-2.0831e-02,  6.9532e-02, -1.8541e-02],
        [-3.2044e-02, -4.2645e-03, -2.0985e-02],
        [-2.5384e-02, -5.0916e-03, -4.3439e-03],
        [-2.7242e-02,  3.9746e-02,  6.9319e-02],
        [-2.3854e-04,  6.5369e-02, -7.2714e-02],
        [ 4.1479e-02, -3.3273e-02,  1.0881e-01],
        [ 1.1372e-01, -8.2491e-02, -8.5780e-02],
        [-2.0628e-02,  2.4315e-02, -9.9704e-03],
        [-9.2085e-03,  2.4706e-03, -1.1055e-02],
        [ 3.8149e-02, -2.1898e-02, -5.8868e-02],
        [-6.8299e-02, -9.2182e-02, -1.3597e-02],
        [ 3.1838e-02, -1.6165e-02,  1.5342e-01]])
(Debug) sigma_t_hat_square at time 19 : 9.041591692948714e-05
(Debug) score size (cart) : tensor([[ 2994.8188,  3141.4609, -2042.4983],
        [ -494.1254,  7505.8828, -5745.7314],
        [-4617.7368,  1301.4076, -3281.4849],
        [-2861.0903,   197.2874, -1548.5591],
        [  646.7405, -1882.1211,  5435.1299],
        [-2558.5938,   992.6710, -7873.7266],
        [  815.8079,  3345.8474,  6353.1948],
        [ 6375.1411, -8743.2275, -2319.8882],
        [-3175.2986,  4232.3916,   849.1015],
        [-2128.6733,  2568.1567, -2281.4736],
        [ 4504.5293,  2182.7644,   195.7144],
        [-7570.5981, -5244.2769, -3885.2764],
        [ 8069.0806, -9598.2441, 16145.4971]])
Debug dx at time 19 : 0.3968393802642822
(Debug) dd : tensor([ 0.1178, -0.5629, -0.5104,  0.0806,  0.7005,  0.4413,  0.2878, -0.0408,
        -0.2817,  0.1759, -0.9824,  0.8193, -0.3869, -0.1228,  0.8161,  0.6338,
         0.3794,  1.0566,  0.3473, -0.3510,  0.4792, -0.6007,  2.1757,  0.2123,
         0.8883,  0.1450, -0.5362,  0.2275,  0.1850,  0.0599,  0.8408,  0.0477,
         1.0469,  0.4811,  0.2087, -0.3945, -0.2272,  0.2030,  0.1627,  0.5465,
         0.0387, -0.1644,  0.8135,  0.0433,  0.0733,  0.7424,  0.8286,  0.6411,
         0.2534, -0.7986,  0.9328,  0.6997,  0.6885,  0.3267,  0.9039, -0.3905,
         1.5573,  0.6278, -0.3152, -0.1933,  0.2446, -0.6894,  0.8506,  0.7879,
         0.6104,  0.5327, -0.8212,  0.6589,  0.1950,  0.6383,  0.1289,  1.1109,
         0.5817,  0.1317,  1.4642,  0.5664,  0.4335, -0.4071])
(Debug) dx : tensor([[-0.2250, -0.3123,  0.1743],
        [ 0.0075, -0.6073,  0.5341],
        [ 0.3950, -0.1379,  0.2843],
        [ 0.2337, -0.0298,  0.1453],
        [-0.1187,  0.2664, -0.4019],
        [ 0.2538,  0.0318,  0.6375],
        [ 0.0017, -0.3990, -0.4143],
        [-0.4067,  0.7044,  0.0594],
        [ 0.2744, -0.3722, -0.1043],
        [ 0.1932, -0.2503,  0.2047],
        [-0.3716, -0.2607, -0.1369],
        [ 0.6162,  0.3373,  0.3590],
        [-0.7385,  0.9218, -1.2986]])
(Debug) sigma_t_hat_square at time 18 : 0.00016260486154351383
(Debug) score size (cart) : tensor([[-1.5528e+04, -4.7640e+03, -8.3725e+03],
        [-3.8828e+01, -3.8196e+03,  2.6021e+04],
        [ 1.9266e+04, -1.1808e+04,  6.6482e+03],
        [ 6.2833e+03,  1.0827e+04,  6.4159e+03],
        [-1.7696e+04,  2.8202e+04, -2.4620e+04],
        [ 4.0261e+04,  4.8695e+04,  3.7838e+04],
        [ 1.5021e+04, -1.1324e+04, -5.5648e+03],
        [ 9.4005e+03,  1.4997e+04, -1.3193e+04],
        [ 1.4859e+04, -2.7317e+04, -2.3432e+04],
        [ 3.0447e+03, -3.4578e+04,  1.2782e+04],
        [-5.2341e+04, -2.8039e+04, -1.3934e+04],
        [ 3.6145e+04,  1.6289e+04,  8.6927e+03],
        [-5.8677e+04,  2.6389e+03, -9.2812e+03]])
Debug dx at time 18 : 1.8493824005126953
(Debug) dd : tensor([ -2.2611,  -0.6216,   1.8883,  -1.5035,  -8.1571,  -2.7056,  -1.8343,
         -2.5706,  -2.8906,  -4.1403,   1.4281,  -3.2654,  -1.9168,  -0.9373,
         -4.8713,  -5.9904,  -2.4981,  -3.2717,  -5.0272,  -3.3393,  -6.3937,
          0.0375,  -4.7529,  -2.2427,  -5.3293,  -6.6339,  -0.1777,  -2.0145,
         -2.6776,  -2.5701,  -6.7078,  -1.4566,  -5.1647,  -3.3280,  -5.4504,
         -1.0445,  -0.8701,  -3.8719,  -3.9770,  -6.5535,  -1.4230,  -2.8565,
         -7.8028,  -4.2272,  -2.8551,  -5.5019,  -6.6989,  -5.9748,  -4.3001,
         -3.5070,  -6.5754,  -6.1446,  -9.2154,  -8.9038, -11.9942,  -3.2142,
        -10.3280,  -1.5260,  -2.2736,  -2.9742,  -6.6037,   0.8832,  -6.3389,
         -3.3211,  -4.6513,  -6.8566,   0.5262,  -6.2396,  -3.4944,  -6.1434,
         -3.4448,  -6.2066,  -5.4159,  -4.1323,  -4.7421,  -8.2600,  -1.6883,
         -4.8024])
(Debug) dx : tensor([[ 1.3480,  0.1593,  0.9889],
        [-0.0092, -0.1604, -2.0599],
        [-1.5437,  1.0267, -0.3945],
        [-0.4133, -1.1065, -0.4941],
        [ 1.6060, -2.4859,  2.1036],
        [-3.7316, -4.7237, -3.1798],
        [-1.4442,  0.6891,  0.2441],
        [-1.2247, -0.8616,  1.2804],
        [-1.2167,  2.3558,  2.2053],
        [-0.1173,  3.1748, -1.0714],
        [ 4.8471,  2.4931,  1.1841],
        [-3.0292, -1.3663, -0.5148],
        [ 5.1011,  0.6446, -0.2282]])
(Debug) sigma_t_hat_square at time 17 : 0.00021666186512447894
(Debug) score size (cart) : tensor([[  31346.9570,  -25389.1523,   20975.7598],
        [ -45175.8867,   -6241.0522, -210795.8750],
        [-129201.6406,  121058.0312,  -30636.0977],
        [   2283.7734,  -65756.2188,  -16764.2246],
        [ 203882.4531, -239770.6562,  254676.7969],
        [-476638.2188, -514387.9375, -377625.0000],
        [-207019.9688,   28597.0391,    9213.4629],
        [-146174.7656, -134393.1406,   78996.6562],
        [-143658.0000,  264271.6250,  237297.3750],
        [   3083.5000,  379640.2188, -117663.7969],
        [ 570630.6250,  291405.3125,  151226.8125],
        [-128843.4531,  -86299.0234,  -54320.0938],
        [ 465484.5625,  -12735.0645,   55418.2266]])
Debug dx at time 17 : 15.976730346679688
(Debug) dd : tensor([ -19.2099,  -16.5147,   -3.0481,  -27.4215,  -69.5046,  -19.5967,
         -17.7246,  -31.7980,  -32.7076,  -50.2867,  -13.1418,  -34.7657,
         -18.1734,  -14.8526,  -45.8173,  -57.6188,  -20.8861,  -25.8918,
         -43.0742,  -31.6885,  -63.0818,  -14.1256,  -47.0135,  -17.2764,
         -45.8267,  -65.4776,   -6.8427,  -20.1392,  -25.0754,  -25.0525,
         -62.3204,  -14.8252,  -50.8073,  -31.4895,  -60.0937,  -14.3480,
         -11.8569,  -35.2196,  -36.5956,  -59.3734,  -10.1983,  -39.9218,
         -79.1184,  -42.2367,  -31.5410,  -49.6839,  -60.4715,  -54.5504,
         -39.0536,  -33.6422,  -61.3233,  -57.6881,  -86.5546,  -85.9079,
        -117.8235,  -51.4323,  -96.5634,  -14.0874,  -25.6432,  -32.2022,
         -66.1423,   -7.9018,  -54.2811,  -33.6226,  -44.2468,  -67.5077,
          -8.2235,  -51.6440,  -32.3045,  -59.5531,  -35.4053,  -57.1918,
         -52.2729,  -38.6653,  -50.5542,  -69.1576,  -25.9455,  -50.5973])
(Debug) dx : tensor([[ -1.6976,   2.6549,  -1.0870],
        [  4.4110,   0.5210,  18.6422],
        [ 11.1249, -10.8769,   2.5963],
        [ -0.6626,   5.3520,   1.1495],
        [-18.4613,  21.1213, -22.8622],
        [ 43.1195,  45.9022,  33.8680],
        [ 18.9455,  -2.1544,  -0.5552],
        [ 13.2547,  12.2680,  -6.5684],
        [ 12.8840, -23.5971, -21.1297],
        [ -0.4294, -34.1397,  10.4836],
        [-51.2059, -26.1721, -13.7383],
        [  9.5688,   7.0264,   4.8113],
        [-40.6228,   1.8806,  -5.5256]])
(Debug) sigma_t_hat_square at time 16 : 0.0002528282057028264
(Debug) score size (cart) : tensor([[ -299558.0000,   167716.6406,  -155664.9219],
        [  373097.2812,    58187.1484,  1684211.0000],
        [ 1113078.2500,  -906988.3750,   249490.3281],
        [  125117.8594,   538490.7500,   135901.4062],
        [-1642912.2500,  1999857.2500, -2103228.0000],
        [ 4064873.0000,  4391214.0000,  3226252.0000],
        [ 1559967.7500,  -254081.8438,   -65603.7188],
        [ 1163847.1250,  1028303.4375,  -609920.4375],
        [ 1215375.2500, -2180584.7500, -1967357.0000],
        [  -10791.3750, -3099418.2500,   960349.0000],
        [-4835369.5000, -2456569.2500, -1279052.3750],
        [ 1130154.0000,   654009.0000,   394717.9062],
        [-3956879.0000,    59864.0820,  -470094.9688]])
Debug dx at time 16 : 131.00120544433594
(Debug) dd : tensor([ -168.7514,  -155.1985,   -52.0314,  -256.6126,  -603.9130,  -164.1627,
         -151.3683,  -286.5754,  -297.2223,  -461.9641,  -135.8290,  -317.3893,
         -161.2974,  -139.6047,  -405.7857,  -511.3807,  -183.0948,  -224.5417,
         -376.7337,  -280.8516,  -561.6752,  -137.0213,  -418.3529,  -150.2008,
         -400.8497,  -583.9618,   -70.2343,  -180.3830,  -221.3479,  -221.8851,
         -549.1502,  -133.2626,  -451.0299,  -277.3646,  -545.5398,  -138.5127,
         -115.0980,  -310.8055,  -321.6461,  -518.0045,   -89.3109,  -360.1217,
         -706.1313,  -378.9791,  -285.8480,  -437.4567,  -532.2746,  -480.2628,
         -342.6443,  -297.6107,  -540.2185,  -509.5222,  -765.9114,  -763.0775,
        -1047.5916,  -477.5197,  -853.1181,  -123.8738,  -234.3278,  -291.9495,
         -592.2777,   -91.0337,  -478.2348,  -299.8363,  -392.6052,  -601.7140,
          -89.1696,  -451.4460,  -285.0911,  -527.7293,  -317.1619,  -504.7247,
         -463.6065,  -341.2276,  -453.2622,  -601.1025,  -239.2994,  -449.5424])
(Debug) dx : tensor([[  27.4400,  -13.6391,   14.0224],
        [ -31.8561,   -5.0654, -145.0001],
        [ -97.0436,   77.2347,  -21.6623],
        [ -12.8424,  -46.9683,  -12.0578],
        [ 141.1249, -173.1308,  181.5372],
        [-351.7915, -380.6506, -279.6387],
        [-132.5688,   22.4983,    5.9227],
        [ -99.7064,  -87.7129,   52.6044],
        [-105.2120,  188.2745,  169.9935],
        [   0.6102,  266.9775,  -82.8269],
        [ 418.5967,  212.4677,  110.4678],
        [-100.2935,  -56.6002,  -33.5494],
        [ 343.8267,   -3.9508,   40.2922]])
(Debug) sigma_t_hat_square at time 15 : 0.0002716298040468246
(Debug) score size (cart) : tensor([[  2448187.7500,  -1361928.6250,   1283345.2500],
        [ -3093361.2500,   -479620.1250, -13850184.0000],
        [ -9224767.0000,   7399182.0000,  -2052794.2500],
        [ -1127494.3750,  -4418771.0000,  -1119506.6250],
        [ 13532703.0000, -16523306.0000,  17364662.0000],
        [-33699856.0000, -36401800.0000, -26745728.0000],
        [-12756707.0000,   2101371.7500,    528543.0000],
        [ -9578002.0000,  -8411317.0000,   4989334.5000],
        [-10059990.0000,  18004170.0000,  16248614.0000],
        [    75982.5000,  25556000.0000,  -7918002.5000],
        [ 40049244.0000,  20334296.0000,  10589375.0000],
        [ -9357046.0000,  -5343034.0000,  -3216095.7500],
        [ 32791108.0000,   -455241.2500,   3898437.5000]])
Debug dx at time 15 : 1061.2762451171875
(Debug) dd : tensor([-1366.4969, -1266.0579,  -444.5930, -2092.5791, -4884.3838, -1321.7776,
        -1221.3892, -2327.1379, -2416.0061, -3759.9204, -1118.8694, -2581.2966,
        -1307.9073, -1139.0063, -3288.7507, -4146.1465, -1482.1835, -1815.3723,
        -3049.2900, -2276.8401, -4555.5742, -1121.6080, -3392.0525, -1214.7355,
        -3244.2766, -4737.4282,  -578.6216, -1463.8179, -1793.4855, -1798.4802,
        -4448.3066, -1081.7476, -3656.6626, -2246.6255, -4434.3423, -1133.7577,
         -942.5557, -2518.1885, -2604.8188, -4191.6265,  -722.7183, -2925.1108,
        -5728.3110, -3076.8843, -2323.2051, -3543.4661, -4311.2188, -3890.1658,
        -2774.0444, -2412.4763, -4375.9009, -4128.5693, -6207.6089, -6187.5283,
        -8495.2168, -3891.5107, -6912.5215, -1002.9076, -1906.4629, -2372.6343,
        -4807.0547,  -757.8553, -3874.6008, -2431.6628, -3182.6970, -4880.8828,
         -738.6403, -3654.0642, -2309.8674, -4277.4492, -2573.9102, -4089.4624,
        -3758.3652, -2764.3660, -3678.7964, -4861.6509, -1948.1692, -3645.2727])
(Debug) dx : tensor([[ -205.7962,   116.1291,  -108.2715],
        [  262.8683,    40.6987,  1174.6658],
        [  781.8875,  -627.7833,   173.9140],
        [   94.5647,   374.0594,    94.6078],
        [-1148.3331,  1401.2915, -1472.9504],
        [ 2859.2219,  3087.8723,  2268.6992],
        [ 1082.9633,  -177.7570,   -44.3373],
        [  813.0172,   713.6636,  -422.8726],
        [  853.3120, -1527.1891, -1378.2278],
        [   -6.6382, -2168.0649,   671.6116],
        [-3397.3684, -1725.0594,  -898.5712],
        [  791.2078,   452.4129,   272.8763],
        [-2780.5693,    39.4108,  -331.0191]])
(Debug) sigma_t_hat_square at time 14 : 0.000274103251285851
(Debug) score size (cart) : tensor([[-1.9638e+07,  1.0918e+07, -1.0308e+07],
        [ 2.4867e+07,  3.8504e+06,  1.1121e+08],
        [ 7.4142e+07, -5.9352e+07,  1.6484e+07],
        [ 9.1513e+06,  3.5471e+07,  8.9908e+06],
        [-1.0869e+08,  1.3275e+08, -1.3950e+08],
        [ 2.7087e+08,  2.9258e+08,  2.1497e+08],
        [ 1.0236e+08, -1.6884e+07, -4.2331e+06],
        [ 7.6914e+07,  6.7495e+07, -4.0034e+07],
        [ 8.0844e+07, -1.4464e+08, -1.3054e+08],
        [-5.9620e+05, -2.0527e+08,  6.3600e+07],
        [-3.2187e+08, -1.6341e+08, -8.5100e+07],
        [ 7.5193e+07,  4.2868e+07,  2.5793e+07],
        [-2.6356e+08,  3.6193e+06, -3.1338e+07]])
Debug dx at time 14 : 8258.98046875
(Debug) dd : tensor([-10592.8457,  -9823.3252,  -3468.8008, -16235.4521, -37857.4180,
        -10238.6787,  -9463.5986, -18045.8887, -18737.4023, -29164.9180,
         -8691.9014, -20020.5273, -10140.5996,  -8837.6357, -25496.3105,
        -32145.3574, -11489.0039, -14069.5176, -23636.4238, -17652.4902,
        -35321.3750,  -8706.3730, -26298.1777,  -9414.8086, -25147.4688,
        -36732.4570,  -4495.0425, -11350.1914, -13903.9639, -13943.2988,
        -34483.9453,  -8387.8721, -28350.1309, -17416.0586, -34390.6094,
         -8800.5156,  -7316.8467, -19521.9199, -20192.3965, -32490.2500,
         -5601.7822, -22684.0098, -44414.7070, -23859.5977, -18017.6094,
        -27469.5645, -33420.9062, -30157.2441, -21503.3340, -18704.1328,
        -33922.7656, -32006.6309, -48125.8750, -47973.1797, -65865.5781,
        -30190.8730, -53588.5117,  -7774.0132, -14787.5879, -18400.4062,
        -37274.2812,  -5895.0649, -30037.4648, -18852.9844, -24674.9629,
        -37844.0469,  -5742.4980, -28324.6113, -17907.0488, -33161.8516,
        -19957.9004, -31703.3242, -29138.4043, -21429.9219, -28525.4160,
        -37681.2383, -15111.8408, -28262.9180])
(Debug) dx : tensor([[  1606.7017,   -891.5643,    843.0755],
        [ -2032.2819,   -314.6134,  -9089.6689],
        [ -6061.1069,   4850.0552,  -1347.5164],
        [  -750.0718,  -2899.7495,   -735.2034],
        [  8882.7490, -10850.9463,  11402.2705],
        [-22140.7520, -23915.9512, -17572.2617],
        [ -8364.3916,   1380.4951,    346.4499],
        [ -6285.6655,  -5515.8359,   3271.9460],
        [ -6608.1797,  11822.2803,  10669.9082],
        [    48.3803,  16777.5254,  -5198.3193],
        [ 26309.2734,  13356.7207,   6955.6333],
        [ -6148.7954,  -3504.1250,  -2107.6650],
        [ 21544.5312,   -294.6507,   2561.4934]])
(Debug) sigma_t_hat_square at time 13 : 0.0002621056919451803
(Debug) score size (cart) : tensor([[ 1.5918e+08, -8.8499e+07,  8.3571e+07],
        [-2.0164e+08, -3.1214e+07, -9.0163e+08],
        [-6.0117e+08,  4.8111e+08, -1.3364e+08],
        [-7.4296e+07, -2.8756e+08, -7.2892e+07],
        [ 8.8117e+08, -1.0763e+09,  1.1310e+09],
        [-2.1963e+09, -2.3724e+09, -1.7431e+09],
        [-8.2979e+08,  1.3689e+08,  3.4307e+07],
        [-6.2357e+08, -5.4715e+08,  3.2453e+08],
        [-6.5550e+08,  1.1727e+09,  1.0584e+09],
        [ 4.8178e+06,  1.6643e+09, -5.1564e+08],
        [ 2.6098e+09,  1.3249e+09,  6.9000e+08],
        [-6.0967e+08, -3.4750e+08, -2.0907e+08],
        [ 2.1370e+09, -2.9306e+07,  2.5411e+08]])
Debug dx at time 13 : 63620.15234375
(Debug) dd : tensor([ -81543.4141,  -75628.8594,  -26725.1660, -124994.2266, -291419.8125,
         -78809.3672,  -72845.9453, -138923.0312, -144248.9688, -224529.5000,
         -66929.0000, -154128.1094,  -78064.1719,  -68040.1719, -196272.0312,
        -247459.1250,  -88441.2578, -108303.7344, -181951.4531, -135891.4219,
        -271910.4062,  -67033.5703, -202445.4219,  -72473.1953, -193582.8281,
        -282774.2500,  -34612.5742,  -87376.3281, -107033.5547, -107336.9688,
        -265457.6875,  -64571.8164, -218242.7969, -134068.8750, -264754.3125,
         -67758.1016,  -56335.3984, -150280.4844, -155440.7656, -250106.6562,
         -43121.6719, -174630.2188, -341912.6875, -183678.8906, -138707.9062,
        -211461.2344, -257274.2344, -232151.0469, -165531.4375, -143987.3750,
        -261138.1250, -246388.8438, -370477.1250, -369304.8750, -507043.4375,
        -232433.5938, -412526.0938,  -59843.7422, -113843.8281, -141653.8906,
        -286947.2188,  -45400.7461, -231229.8281, -145132.5312, -189950.2188,
        -291330.6875,  -44222.9844, -218041.3906, -137849.3594, -255282.4844,
        -153640.6875, -244053.8906, -224310.7812, -164967.7812, -219595.6406,
        -290063.6562, -116340.4844, -217572.9688])
(Debug) dx : tensor([[ -12351.7930,    6868.7124,   -6485.0825],
        [  15649.1445,    2422.5720,   69972.3438],
        [  46654.1602,  -37337.7930,   10371.4434],
        [   5764.7271,   22316.1250,    5656.5576],
        [ -68385.0234,   83530.2812,  -87776.1953],
        [ 170449.2812,  184110.7656,  135273.9219],
        [  64398.4141,  -10623.2266,   -2661.8025],
        [  48393.9219,   42462.7227,  -25185.4961],
        [  50870.7305,  -91009.8672,  -82138.5312],
        [   -374.0887, -129158.9531,   40017.3398],
        [-202535.1562, -102824.4531,  -53549.1289],
        [  47312.1406,   26967.6211,   16225.5195],
        [-165845.9531,    2275.0994,  -19720.7109]])
(Debug) sigma_t_hat_square at time 12 : 0.00023861498630139977
(Debug) score size (cart) : tensor([[-1.3460e+09,  7.4832e+08, -7.0667e+08],
        [ 1.7051e+09,  2.6394e+08,  7.6241e+09],
        [ 5.0835e+09, -4.0682e+09,  1.1301e+09],
        [ 6.2835e+08,  2.4316e+09,  6.1637e+08],
        [-7.4511e+09,  9.1014e+09, -9.5640e+09],
        [ 1.8572e+10,  2.0061e+10,  1.4739e+10],
        [ 7.0166e+09, -1.1575e+09, -2.9009e+08],
        [ 5.2728e+09,  4.6266e+09, -2.7442e+09],
        [ 5.5429e+09, -9.9164e+09, -8.9498e+09],
        [-4.0720e+07, -1.4073e+10,  4.3603e+09],
        [-2.2068e+10, -1.1204e+10, -5.8347e+09],
        [ 5.1554e+09,  2.9384e+09,  1.7679e+09],
        [-1.8071e+10,  2.4777e+08, -2.1488e+09]])
Debug dx at time 12 : 496714.625
(Debug) dd : tensor([ -637822.6875,  -591569.3125,  -209064.0625,  -977704.4375,
        -2279444.7500,  -616429.3750,  -569787.5000, -1086645.6250,
        -1128307.5000, -1756262.2500,  -523530.3750, -1205582.2500,
         -610610.9375,  -532210.5625, -1535218.1250, -1935600.7500,
         -691776.0000,  -847135.6875, -1423201.1250, -1062929.7500,
        -2126858.2500,  -524341.1875, -1583505.6250,  -566874.8125,
        -1514179.8750, -2211835.2500,  -270745.8125,  -683450.1250,
         -837204.8750,  -839578.8125, -2076379.2500,  -505075.1875,
        -1707073.2500, -1048671.1250, -2070893.3750,  -530008.1875,
         -440659.6875, -1175477.1250, -1215839.2500, -1956302.0000,
         -337291.8125, -1365946.2500, -2674409.2500, -1436723.2500,
        -1084966.1250, -1654025.7500, -2012369.2500, -1815859.1250,
        -1294766.3750, -1126255.8750, -2042592.8750, -1927226.8750,
        -2897833.2500, -2888667.5000, -3966045.2500, -1818094.0000,
        -3226732.2500,  -468090.2812,  -890482.7500, -1108008.1250,
        -2244478.0000,  -355140.8125, -1808654.1250, -1135211.7500,
        -1485770.8750, -2278762.0000,  -345925.3750, -1705493.2500,
        -1078242.6250, -1996792.2500, -1201764.3750, -1908962.7500,
        -1754536.2500, -1290359.0000, -1717658.5000, -2268837.5000,
         -910011.6875, -1701835.7500])
(Debug) dx : tensor([[   96625.9688,   -53717.5391,    50729.0391],
        [ -122400.8203,   -18947.0781,  -547299.1875],
        [ -364923.8438,   292034.9688,   -81123.8906],
        [  -45108.6211,  -174554.2031,   -44246.7461],
        [  534880.0000,  -653351.3750,   686560.0000],
        [-1333210.1250, -1440070.2500, -1058083.0000],
        [ -503684.9062,    83095.5781,    20824.6836],
        [ -378512.5938,  -332122.9375,   196990.1875],
        [ -397898.5312,   711852.3125,   642463.5000],
        [    2922.7588,  1010236.6875,  -313003.0938],
        [ 1584179.6250,   804264.3125,   418843.9062],
        [ -370086.3438,  -210935.9219,  -126906.3516],
        [ 1297217.7500,   -17784.8867,   154250.9688]])
(Debug) sigma_t_hat_square at time 11 : 0.00020776486780960113
(Debug) score size (cart) : tensor([[ 1.2092e+10, -6.7224e+09,  6.3482e+09],
        [-1.5317e+10, -2.3711e+09, -6.8490e+10],
        [-4.5667e+10,  3.6546e+10, -1.0152e+10],
        [-5.6448e+09, -2.1844e+10, -5.5371e+09],
        [ 6.6936e+10, -8.1761e+10,  8.5917e+10],
        [-1.6684e+11, -1.8021e+11, -1.3241e+11],
        [-6.3032e+10,  1.0399e+10,  2.6059e+09],
        [-4.7368e+10, -4.1562e+10,  2.4652e+10],
        [-4.9794e+10,  8.9082e+10,  8.0399e+10],
        [ 3.6578e+08,  1.2642e+11, -3.9170e+10],
        [ 1.9825e+11,  1.0065e+11,  5.2415e+10],
        [-4.6313e+10, -2.6397e+10, -1.5881e+10],
        [ 1.6234e+11, -2.2257e+09,  1.9303e+10]])
Debug dx at time 11 : 3962356.5
(Debug) dd : tensor([ -5100665.5000,  -4730787.0000,  -1671908.3750,  -7818714.5000,
        -18228706.0000,  -4929575.0000,  -4556583.0000,  -8689907.0000,
         -9023081.0000, -14044844.0000,  -4186691.0000,  -9641049.0000,
         -4883056.0000,  -4256095.0000, -12277135.0000, -15478997.0000,
         -5532129.5000,  -6774537.5000, -11381334.0000,  -8500250.0000,
        -17008486.0000,  -4193168.2500, -12663291.0000,  -4533293.0000,
        -12108889.0000, -17688048.0000,  -2165164.0000,  -5465550.5000,
         -6695125.5000,  -6714111.0000, -16604798.0000,  -4039086.2500,
        -13651463.0000,  -8386220.0000, -16560945.0000,  -4238487.5000,
         -3523965.2500,  -9400288.0000,  -9723063.0000, -15644539.0000,
         -2697321.0000, -10923479.0000, -21387252.0000, -11489480.0000,
         -8676481.0000, -13227239.0000, -16092911.0000, -14521422.0000,
        -10354241.0000,  -9006670.0000, -16334610.0000, -15412029.0000,
        -23173966.0000, -23100672.0000, -31716460.0000, -14539318.0000,
        -25804170.0000,  -3743316.0000,  -7121197.5000,  -8860745.0000,
        -17949096.0000,  -2840082.2500, -14463803.0000,  -9078286.0000,
        -11881706.0000, -18223260.0000,  -2766383.7500, -13638824.0000,
         -8622704.0000, -15968344.0000,  -9610511.0000, -15265972.0000,
        -14031025.0000, -10318997.0000, -13736117.0000, -18143882.0000,
         -7277370.5000, -13609583.0000])
(Debug) dx : tensor([[  -772699.6875,    429584.5938,   -405675.0625],
        [   978843.5625,    151521.4062,   4376749.5000],
        [  2918290.0000,  -2335404.2500,    648745.2500],
        [   360723.3438,   1395902.8750,    353837.8438],
        [ -4277439.5000,   5224849.5000,  -5490419.0000],
        [ 10661688.0000,  11516244.0000,   8461488.0000],
        [  4027976.5000,   -664511.3125,   -166528.1562],
        [  3026972.0000,   2655986.5000,  -1575329.0000],
        [  3181993.7500,  -5692682.0000,  -5137780.0000],
        [   -23375.0918,  -8078865.5000,   2503085.0000],
        [-12668686.0000,  -6431704.0000,  -3349499.2500],
        [  2959556.2500,   1686845.0000,   1014869.8750],
        [-10373843.0000,    142232.3594,  -1233545.2500]])
(Debug) sigma_t_hat_square at time 10 : 0.00017428836144972593
(Debug) score size (cart) : tensor([[-1.1527e+11,  6.4084e+10, -6.0518e+10],
        [ 1.4602e+11,  2.2604e+10,  6.5291e+11],
        [ 4.3534e+11, -3.4839e+11,  9.6779e+10],
        [ 5.3812e+10,  2.0824e+11,  5.2785e+10],
        [-6.3810e+11,  7.7943e+11, -8.1905e+11],
        [ 1.5905e+12,  1.7180e+12,  1.2623e+12],
        [ 6.0089e+11, -9.9131e+10, -2.4842e+10],
        [ 4.5156e+11,  3.9621e+11, -2.3500e+11],
        [ 4.7468e+11, -8.4922e+11, -7.6644e+11],
        [-3.4870e+09, -1.2052e+12,  3.7341e+11],
        [-1.8899e+12, -9.5947e+11, -4.9967e+11],
        [ 4.4150e+11,  2.5164e+11,  1.5140e+11],
        [-1.5475e+12,  2.1218e+10, -1.8402e+11]])
Debug dx at time 10 : 31989920.0
(Debug) dd : tensor([-4.1229e+07, -3.8239e+07, -1.3514e+07, -6.3199e+07, -1.4734e+08,
        -3.9846e+07, -3.6831e+07, -7.0241e+07, -7.2934e+07, -1.1352e+08,
        -3.3841e+07, -7.7929e+07, -3.9470e+07, -3.4402e+07, -9.9236e+07,
        -1.2512e+08, -4.4716e+07, -5.4759e+07, -9.1996e+07, -6.8708e+07,
        -1.3748e+08, -3.3893e+07, -1.0236e+08, -3.6643e+07, -9.7876e+07,
        -1.4297e+08, -1.7501e+07, -4.4178e+07, -5.4117e+07, -5.4270e+07,
        -1.3422e+08, -3.2648e+07, -1.1035e+08, -6.7786e+07, -1.3386e+08,
        -3.4260e+07, -2.8484e+07, -7.5983e+07, -7.8592e+07, -1.2646e+08,
        -2.1803e+07, -8.8295e+07, -1.7287e+08, -9.2870e+07, -7.0132e+07,
        -1.0692e+08, -1.3008e+08, -1.1738e+08, -8.3694e+07, -7.2801e+07,
        -1.3203e+08, -1.2458e+08, -1.8732e+08, -1.8672e+08, -2.5636e+08,
        -1.1752e+08, -2.0858e+08, -3.0257e+07, -5.7561e+07, -7.1622e+07,
        -1.4508e+08, -2.2956e+07, -1.1691e+08, -7.3380e+07, -9.6040e+07,
        -1.4730e+08, -2.2361e+07, -1.1024e+08, -6.9698e+07, -1.2907e+08,
        -7.7682e+07, -1.2340e+08, -1.1341e+08, -8.3409e+07, -1.1103e+08,
        -1.4666e+08, -5.8823e+07, -1.1001e+08])
(Debug) dx : tensor([[ 6.2458e+06, -3.4723e+06,  3.2791e+06],
        [-7.9120e+06, -1.2247e+06, -3.5377e+07],
        [-2.3589e+07,  1.8877e+07, -5.2438e+06],
        [-2.9158e+06, -1.1283e+07, -2.8601e+06],
        [ 3.4575e+07, -4.2233e+07,  4.4379e+07],
        [-8.6179e+07, -9.3086e+07, -6.8394e+07],
        [-3.2558e+07,  5.3713e+06,  1.3461e+06],
        [-2.4467e+07, -2.1468e+07,  1.2733e+07],
        [-2.5720e+07,  4.6014e+07,  4.1529e+07],
        [ 1.8894e+05,  6.5302e+07, -2.0232e+07],
        [ 1.0240e+08,  5.1988e+07,  2.7074e+07],
        [-2.3922e+07, -1.3635e+07, -8.2032e+06],
        [ 8.3852e+07, -1.1497e+06,  9.9708e+06]])
(Debug) sigma_t_hat_square at time 9 : 0.00014237417781259865
(Debug) score size (cart) : tensor([[ 1.1406e+12, -6.3411e+11,  5.9882e+11],
        [-1.4449e+12, -2.2366e+11, -6.4605e+12],
        [-4.3077e+12,  3.4473e+12, -9.5761e+11],
        [-5.3247e+11, -2.0605e+12, -5.2230e+11],
        [ 6.3139e+12, -7.7124e+12,  8.1044e+12],
        [-1.5738e+13, -1.6999e+13, -1.2490e+13],
        [-5.9457e+12,  9.8089e+11,  2.4581e+11],
        [-4.4681e+12, -3.9205e+12,  2.3253e+12],
        [-4.6969e+12,  8.4030e+12,  7.5839e+12],
        [ 3.4503e+10,  1.1925e+13, -3.6948e+12],
        [ 1.8700e+13,  9.4938e+12,  4.9442e+12],
        [-4.3686e+12, -2.4900e+12, -1.4980e+12],
        [ 1.5313e+13, -2.0995e+11,  1.8208e+12]])
Debug dx at time 9 : 255325504.0
(Debug) dd : tensor([-3.2855e+08, -3.0472e+08, -1.0769e+08, -5.0362e+08, -1.1742e+09,
        -3.1753e+08, -2.9350e+08, -5.5974e+08, -5.8120e+08, -9.0466e+08,
        -2.6968e+08, -6.2100e+08, -3.1453e+08, -2.7415e+08, -7.9080e+08,
        -9.9704e+08, -3.5634e+08, -4.3637e+08, -7.3310e+08, -5.4752e+08,
        -1.0956e+09, -2.7009e+08, -8.1567e+08, -2.9200e+08, -7.7996e+08,
        -1.1393e+09, -1.3946e+08, -3.5205e+08, -4.3125e+08, -4.3247e+08,
        -1.0696e+09, -2.6017e+08, -8.7933e+08, -5.4018e+08, -1.0667e+09,
        -2.7301e+08, -2.2699e+08, -6.0550e+08, -6.2629e+08, -1.0077e+09,
        -1.7374e+08, -7.0361e+08, -1.3776e+09, -7.4007e+08, -5.5887e+08,
        -8.5200e+08, -1.0366e+09, -9.3536e+08, -6.6694e+08, -5.8014e+08,
        -1.0522e+09, -9.9273e+08, -1.4927e+09, -1.4880e+09, -2.0429e+09,
        -9.3651e+08, -1.6621e+09, -2.4112e+08, -4.5869e+08, -5.7074e+08,
        -1.1561e+09, -1.8294e+08, -9.3165e+08, -5.8476e+08, -7.6533e+08,
        -1.1738e+09, -1.7819e+08, -8.7851e+08, -5.5541e+08, -1.0286e+09,
        -6.1904e+08, -9.8332e+08, -9.0377e+08, -6.6467e+08, -8.8478e+08,
        -1.1687e+09, -4.6875e+08, -8.7663e+08])
(Debug) dx : tensor([[-4.9772e+07,  2.7671e+07, -2.6131e+07],
        [ 6.3050e+07,  9.7599e+06,  2.8192e+08],
        [ 1.8797e+08, -1.5043e+08,  4.1787e+07],
        [ 2.3235e+07,  8.9914e+07,  2.2792e+07],
        [-2.7552e+08,  3.3655e+08, -3.5365e+08],
        [ 6.8675e+08,  7.4179e+08,  5.4503e+08],
        [ 2.5945e+08, -4.2803e+07, -1.0727e+07],
        [ 1.9497e+08,  1.7108e+08, -1.0147e+08],
        [ 2.0496e+08, -3.6668e+08, -3.3094e+08],
        [-1.5056e+06, -5.2038e+08,  1.6123e+08],
        [-8.1602e+08, -4.1428e+08, -2.1575e+08],
        [ 1.9063e+08,  1.0865e+08,  6.5370e+07],
        [-6.6821e+08,  9.1615e+06, -7.9456e+07]])
(Debug) sigma_t_hat_square at time 8 : 0.0001145914793596603
(Debug) score size (cart) : tensor([[-1.1293e+13,  6.2783e+12, -5.9288e+12],
        [ 1.4306e+13,  2.2144e+12,  6.3965e+13],
        [ 4.2650e+13, -3.4131e+13,  9.4812e+12],
        [ 5.2719e+12,  2.0401e+13,  5.1712e+12],
        [-6.2514e+13,  7.6360e+13, -8.0241e+13],
        [ 1.5582e+14,  1.6831e+14,  1.2366e+14],
        [ 5.8868e+13, -9.7117e+12, -2.4338e+12],
        [ 4.4238e+13,  3.8817e+13, -2.3023e+13],
        [ 4.6504e+13, -8.3197e+13, -7.5087e+13],
        [-3.4161e+11, -1.1807e+14,  3.6582e+13],
        [-1.8515e+14, -9.3998e+13, -4.8952e+13],
        [ 4.3253e+13,  2.4653e+13,  1.4832e+13],
        [-1.5161e+14,  2.0787e+12, -1.8028e+13]])
Debug dx at time 8 : 1961372928.0
(Debug) dd : tensor([-2.5120e+09, -2.3299e+09, -8.2340e+08, -3.8506e+09, -8.9774e+09,
        -2.4278e+09, -2.2441e+09, -4.2797e+09, -4.4438e+09, -6.9169e+09,
        -2.0619e+09, -4.7481e+09, -2.4048e+09, -2.0961e+09, -6.0463e+09,
        -7.6232e+09, -2.7245e+09, -3.3364e+09, -5.6052e+09, -4.1863e+09,
        -8.3765e+09, -2.0651e+09, -6.2365e+09, -2.2326e+09, -5.9635e+09,
        -8.7111e+09, -1.0663e+09, -2.6917e+09, -3.2973e+09, -3.3066e+09,
        -8.1777e+09, -1.9892e+09, -6.7232e+09, -4.1301e+09, -8.1561e+09,
        -2.0874e+09, -1.7355e+09, -4.6295e+09, -4.7885e+09, -7.7047e+09,
        -1.3284e+09, -5.3797e+09, -1.0533e+10, -5.6584e+09, -4.2731e+09,
        -6.5143e+09, -7.9256e+09, -7.1516e+09, -5.0993e+09, -4.4357e+09,
        -8.0446e+09, -7.5902e+09, -1.1413e+10, -1.1377e+10, -1.5620e+10,
        -7.1604e+09, -1.2708e+10, -1.8435e+09, -3.5071e+09, -4.3638e+09,
        -8.8397e+09, -1.3987e+09, -7.1232e+09, -4.4709e+09, -5.8516e+09,
        -8.9747e+09, -1.3624e+09, -6.7170e+09, -4.2466e+09, -7.8642e+09,
        -4.7331e+09, -7.5183e+09, -6.9101e+09, -5.0820e+09, -6.7649e+09,
        -8.9356e+09, -3.5840e+09, -6.7026e+09])
(Debug) dx : tensor([[ 3.8055e+08, -2.1156e+08,  1.9979e+08],
        [-4.8207e+08, -7.4622e+07, -2.1555e+09],
        [-1.4372e+09,  1.1502e+09, -3.1950e+08],
        [-1.7765e+08, -6.8746e+08, -1.7426e+08],
        [ 2.1066e+09, -2.5732e+09,  2.7040e+09],
        [-5.2507e+09, -5.6716e+09, -4.1672e+09],
        [-1.9837e+09,  3.2726e+08,  8.2013e+07],
        [-1.4907e+09, -1.3080e+09,  7.7583e+08],
        [-1.5671e+09,  2.8036e+09,  2.5303e+09],
        [ 1.1512e+07,  3.9787e+09, -1.2327e+09],
        [ 6.2392e+09,  3.1675e+09,  1.6496e+09],
        [-1.4575e+09, -8.3075e+08, -4.9981e+08],
        [ 5.1090e+09, -7.0047e+07,  6.0751e+08]])
(Debug) sigma_t_hat_square at time 7 : 9.16483550099656e-05
(Debug) score size (cart) : tensor([[ 1.0796e+14, -6.0019e+13,  5.6679e+13],
        [-1.3676e+14, -2.1170e+13, -6.1150e+14],
        [-4.0773e+14,  3.2629e+14, -9.0640e+13],
        [-5.0399e+13, -1.9503e+14, -4.9437e+13],
        [ 5.9762e+14, -7.2999e+14,  7.6710e+14],
        [-1.4896e+15, -1.6090e+15, -1.1822e+15],
        [-5.6277e+14,  9.2842e+13,  2.3267e+13],
        [-4.2291e+14, -3.7108e+14,  2.2010e+14],
        [-4.4457e+14,  7.9535e+14,  7.1783e+14],
        [ 3.2657e+12,  1.1287e+15, -3.4972e+14],
        [ 1.7700e+15,  8.9861e+14,  4.6798e+14],
        [-4.1350e+14, -2.3568e+14, -1.4179e+14],
        [ 1.4494e+15, -1.9872e+13,  1.7235e+14]])
Debug dx at time 7 : 14288123904.0
(Debug) dd : tensor([-1.8181e+10, -1.6862e+10, -5.9594e+09, -2.7869e+10, -6.4974e+10,
        -1.7571e+10, -1.6241e+10, -3.0974e+10, -3.2162e+10, -5.0061e+10,
        -1.4923e+10, -3.4365e+10, -1.7405e+10, -1.5170e+10, -4.3761e+10,
        -5.5173e+10, -1.9719e+10, -2.4147e+10, -4.0568e+10, -3.0298e+10,
        -6.0625e+10, -1.4946e+10, -4.5137e+10, -1.6158e+10, -4.3161e+10,
        -6.3047e+10, -7.7175e+09, -1.9481e+10, -2.3864e+10, -2.3932e+10,
        -5.9186e+10, -1.4397e+10, -4.8659e+10, -2.9892e+10, -5.9030e+10,
        -1.5108e+10, -1.2561e+10, -3.3506e+10, -3.4657e+10, -5.5763e+10,
        -9.6143e+09, -3.8936e+10, -7.6233e+10, -4.0953e+10, -3.0926e+10,
        -4.7147e+10, -5.7361e+10, -5.1760e+10, -3.6907e+10, -3.2103e+10,
        -5.8223e+10, -5.4935e+10, -8.2601e+10, -8.2340e+10, -1.1305e+11,
        -5.1824e+10, -9.1976e+10, -1.3343e+10, -2.5383e+10, -3.1583e+10,
        -6.3978e+10, -1.0123e+10, -5.1555e+10, -3.2359e+10, -4.2351e+10,
        -6.4955e+10, -9.8605e+09, -4.8614e+10, -3.0735e+10, -5.6917e+10,
        -3.4256e+10, -5.4414e+10, -5.0012e+10, -3.6781e+10, -4.8961e+10,
        -6.4672e+10, -2.5939e+10, -4.8510e+10])
(Debug) dx : tensor([[-2.7542e+09,  1.5312e+09, -1.4460e+09],
        [ 3.4890e+09,  5.4008e+08,  1.5600e+10],
        [ 1.0402e+10, -8.3243e+09,  2.3124e+09],
        [ 1.2858e+09,  4.9755e+09,  1.2612e+09],
        [-1.5246e+10,  1.8623e+10, -1.9570e+10],
        [ 3.8002e+10,  4.1048e+10,  3.0160e+10],
        [ 1.4357e+10, -2.3686e+09, -5.9357e+08],
        [ 1.0789e+10,  9.4670e+09, -5.6151e+09],
        [ 1.1342e+10, -2.0291e+10, -1.8313e+10],
        [-8.3315e+07, -2.8796e+10,  8.9220e+09],
        [-4.5156e+10, -2.2925e+10, -1.1939e+10],
        [ 1.0549e+10,  6.0126e+09,  3.6174e+09],
        [-3.6976e+10,  5.0697e+08, -4.3968e+09]])
(Debug) sigma_t_hat_square at time 6 : 7.29770035832189e-05
(Debug) score size (cart) : tensor([[-9.8126e+14,  5.4553e+14, -5.1517e+14],
        [ 1.2430e+15,  1.9242e+14,  5.5581e+15],
        [ 3.7060e+15, -2.9658e+15,  8.2385e+14],
        [ 4.5809e+14,  1.7727e+15,  4.4934e+14],
        [-5.4320e+15,  6.6351e+15, -6.9723e+15],
        [ 1.3539e+16,  1.4625e+16,  1.0745e+16],
        [ 5.1152e+15, -8.4387e+14, -2.1148e+14],
        [ 3.8440e+15,  3.3729e+15, -2.0005e+15],
        [ 4.0408e+15, -7.2292e+15, -6.5245e+15],
        [-2.9683e+13, -1.0259e+16,  3.1787e+15],
        [-1.6088e+16, -8.1677e+15, -4.2536e+15],
        [ 3.7584e+15,  2.1421e+15,  1.2888e+15],
        [-1.3174e+16,  1.8062e+14, -1.5665e+15]])
Debug dx at time 6 : 99792715776.0
(Debug) dd : tensor([-1.2634e+11, -1.1718e+11, -4.1413e+10, -1.9367e+11, -4.5153e+11,
        -1.2211e+11, -1.1287e+11, -2.1525e+11, -2.2350e+11, -3.4789e+11,
        -1.0370e+11, -2.3881e+11, -1.2095e+11, -1.0542e+11, -3.0411e+11,
        -3.8342e+11, -1.3703e+11, -1.6781e+11, -2.8192e+11, -2.1055e+11,
        -4.2130e+11, -1.0387e+11, -3.1367e+11, -1.1229e+11, -2.9994e+11,
        -4.3814e+11, -5.3631e+10, -1.3538e+11, -1.6584e+11, -1.6631e+11,
        -4.1130e+11, -1.0005e+11, -3.3815e+11, -2.0773e+11, -4.1022e+11,
        -1.0499e+11, -8.7289e+10, -2.3285e+11, -2.4084e+11, -3.8752e+11,
        -6.6813e+10, -2.7058e+11, -5.2977e+11, -2.8460e+11, -2.1492e+11,
        -3.2764e+11, -3.9862e+11, -3.5970e+11, -2.5648e+11, -2.2310e+11,
        -4.0461e+11, -3.8176e+11, -5.7402e+11, -5.7221e+11, -7.8562e+11,
        -3.6014e+11, -6.3917e+11, -9.2722e+10, -1.7639e+11, -2.1948e+11,
        -4.4460e+11, -7.0349e+10, -3.5827e+11, -2.2487e+11, -2.9431e+11,
        -4.5139e+11, -6.8524e+10, -3.3784e+11, -2.1359e+11, -3.9554e+11,
        -2.3805e+11, -3.7814e+11, -3.4755e+11, -2.5560e+11, -3.4025e+11,
        -4.4943e+11, -1.8026e+11, -3.3711e+11])
(Debug) dx : tensor([[ 1.9140e+10, -1.0641e+10,  1.0049e+10],
        [-2.4246e+10, -3.7532e+09, -1.0841e+11],
        [-7.2286e+10,  5.7848e+10, -1.6070e+10],
        [-8.9352e+09, -3.4577e+10, -8.7646e+09],
        [ 1.0595e+11, -1.2942e+11,  1.3600e+11],
        [-2.6409e+11, -2.8526e+11, -2.0959e+11],
        [-9.9773e+10,  1.6460e+10,  4.1249e+09],
        [-7.4978e+10, -6.5789e+10,  3.9021e+10],
        [-7.8818e+10,  1.4101e+11,  1.2726e+11],
        [ 5.7898e+08,  2.0011e+11, -6.2002e+10],
        [ 3.1381e+11,  1.5931e+11,  8.2968e+10],
        [-7.3309e+10, -4.1783e+10, -2.5138e+10],
        [ 2.5696e+11, -3.5231e+09,  3.0555e+10]])
(Debug) sigma_t_hat_square at time 5 : 5.7516866945661604e-05
(Debug) score size (cart) : tensor([[ 8.6520e+15, -4.8101e+15,  4.5424e+15],
        [-1.0960e+16, -1.6966e+15, -4.9007e+16],
        [-3.2676e+16,  2.6150e+16, -7.2641e+15],
        [-4.0391e+15, -1.5630e+16, -3.9620e+15],
        [ 4.7895e+16, -5.8503e+16,  6.1477e+16],
        [-1.1938e+17, -1.2895e+17, -9.4744e+16],
        [-4.5102e+16,  7.4406e+15,  1.8646e+15],
        [-3.3893e+16, -2.9739e+16,  1.7639e+16],
        [-3.5629e+16,  6.3742e+16,  5.7528e+16],
        [ 2.6172e+14,  9.0460e+16, -2.8027e+16],
        [ 1.4185e+17,  7.2017e+16,  3.7505e+16],
        [-3.3139e+16, -1.8888e+16, -1.1364e+16],
        [ 1.1616e+17, -1.5926e+15,  1.3812e+16]])
Debug dx at time 5 : 698214187008.0
(Debug) dd : tensor([-8.8485e+11, -8.2068e+11, -2.9004e+11, -1.3564e+12, -3.1623e+12,
        -8.5517e+11, -7.9046e+11, -1.5075e+12, -1.5653e+12, -2.4365e+12,
        -7.2629e+11, -1.6725e+12, -8.4710e+11, -7.3833e+11, -2.1298e+12,
        -2.6852e+12, -9.5969e+11, -1.1752e+12, -1.9744e+12, -1.4746e+12,
        -2.9506e+12, -7.2742e+11, -2.1968e+12, -7.8642e+11, -2.1006e+12,
        -3.0685e+12, -3.7561e+11, -9.4814e+11, -1.1614e+12, -1.1647e+12,
        -2.8805e+12, -7.0069e+11, -2.3682e+12, -1.4548e+12, -2.8729e+12,
        -7.3528e+11, -6.1133e+11, -1.6307e+12, -1.6867e+12, -2.7140e+12,
        -4.6792e+11, -1.8950e+12, -3.7102e+12, -1.9932e+12, -1.5052e+12,
        -2.2946e+12, -2.7917e+12, -2.5191e+12, -1.7962e+12, -1.5624e+12,
        -2.8337e+12, -2.6736e+12, -4.0201e+12, -4.0074e+12, -5.5021e+12,
        -2.5222e+12, -4.4764e+12, -6.4938e+11, -1.2354e+12, -1.5371e+12,
        -3.1137e+12, -4.9269e+11, -2.5091e+12, -1.5749e+12, -2.0612e+12,
        -3.1613e+12, -4.7990e+11, -2.3660e+12, -1.4958e+12, -2.7701e+12,
        -1.6672e+12, -2.6483e+12, -2.4341e+12, -1.7901e+12, -2.3829e+12,
        -3.1475e+12, -1.2625e+12, -2.3609e+12])
(Debug) dx : tensor([[-1.3405e+11,  7.4523e+10, -7.0375e+10],
        [ 1.6981e+11,  2.6285e+10,  7.5926e+11],
        [ 5.0625e+11, -4.0514e+11,  1.1254e+11],
        [ 6.2578e+10,  2.4216e+11,  6.1383e+10],
        [-7.4203e+11,  9.0639e+11, -9.5246e+11],
        [ 1.8496e+12,  1.9978e+12,  1.4679e+12],
        [ 6.9876e+11, -1.1528e+11, -2.8889e+10],
        [ 5.2511e+11,  4.6075e+11, -2.7328e+11],
        [ 5.5200e+11, -9.8755e+11, -8.9128e+11],
        [-4.0548e+09, -1.4015e+12,  4.3423e+11],
        [-2.1977e+12, -1.1157e+12, -5.8106e+11],
        [ 5.1341e+11,  2.9263e+11,  1.7606e+11],
        [-1.7996e+12,  2.4674e+10, -2.1399e+11]])
(Debug) sigma_t_hat_square at time 4 : 4.423192876856774e-05
(Debug) score size (cart) : tensor([[-7.8793e+16,  4.3805e+16, -4.1367e+16],
        [ 9.9814e+16,  1.5451e+16,  4.4630e+17],
        [ 2.9758e+17, -2.3814e+17,  6.6153e+16],
        [ 3.6784e+16,  1.4234e+17,  3.6081e+16],
        [-4.3618e+17,  5.3278e+17, -5.5987e+17],
        [ 1.0872e+18,  1.1743e+18,  8.6283e+17],
        [ 4.1074e+17, -6.7761e+16, -1.6981e+16],
        [ 3.0866e+17,  2.7083e+17, -1.6064e+17],
        [ 3.2447e+17, -5.8049e+17, -5.2391e+17],
        [-2.3835e+15, -8.2381e+17,  2.5524e+17],
        [-1.2918e+18, -6.5585e+17, -3.4155e+17],
        [ 3.0179e+17,  1.7201e+17,  1.0349e+17],
        [-1.0578e+18,  1.4504e+16, -1.2579e+17]])
Debug dx at time 4 : 5285534498816.0
(Debug) dd : tensor([-6.7699e+12, -6.2790e+12, -2.2191e+12, -1.0378e+13, -2.4194e+13,
        -6.5429e+12, -6.0478e+12, -1.1534e+13, -1.1976e+13, -1.8641e+13,
        -5.5569e+12, -1.2796e+13, -6.4811e+12, -5.6490e+12, -1.6295e+13,
        -2.0545e+13, -7.3426e+12, -8.9916e+12, -1.5106e+13, -1.1282e+13,
        -2.2575e+13, -5.5655e+12, -1.6808e+13, -6.0169e+12, -1.6072e+13,
        -2.3477e+13, -2.8738e+12, -7.2542e+12, -8.8862e+12, -8.9114e+12,
        -2.2039e+13, -5.3609e+12, -1.8119e+13, -1.1131e+13, -2.1981e+13,
        -5.6256e+12, -4.6772e+12, -1.2477e+13, -1.2905e+13, -2.0764e+13,
        -3.5801e+12, -1.4498e+13, -2.8387e+13, -1.5250e+13, -1.1516e+13,
        -1.7556e+13, -2.1360e+13, -1.9274e+13, -1.3743e+13, -1.1954e+13,
        -2.1680e+13, -2.0456e+13, -3.0758e+13, -3.0661e+13, -4.2096e+13,
        -1.9298e+13, -3.4249e+13, -4.9684e+12, -9.4517e+12, -1.1761e+13,
        -2.3823e+13, -3.7695e+12, -1.9197e+13, -1.2049e+13, -1.5770e+13,
        -2.4187e+13, -3.6717e+12, -1.8102e+13, -1.1445e+13, -2.1194e+13,
        -1.2756e+13, -2.0262e+13, -1.8623e+13, -1.3696e+13, -1.8231e+13,
        -2.4082e+13, -9.6590e+12, -1.8064e+13])
(Debug) dx : tensor([[ 1.0256e+12, -5.7017e+11,  5.3844e+11],
        [-1.2992e+12, -2.0111e+11, -5.8091e+12],
        [-3.8733e+12,  3.0997e+12, -8.6106e+11],
        [-4.7878e+11, -1.8527e+12, -4.6964e+11],
        [ 5.6773e+12, -6.9348e+12,  7.2872e+12],
        [-1.4151e+13, -1.5285e+13, -1.1231e+13],
        [-5.3462e+12,  8.8198e+11,  2.2103e+11],
        [-4.0176e+12, -3.5252e+12,  2.0909e+12],
        [-4.2234e+12,  7.5557e+12,  6.8192e+12],
        [ 3.1024e+10,  1.0723e+13, -3.3223e+12],
        [ 1.6815e+13,  8.5366e+12,  4.4457e+12],
        [-3.9281e+12, -2.2389e+12, -1.3470e+12],
        [ 1.3769e+13, -1.8878e+11,  1.6372e+12]])
(Debug) sigma_t_hat_square at time 3 : 3.23124295391608e-05
(Debug) score size (cart) : tensor([[ 8.2522e+17, -4.5879e+17,  4.3325e+17],
        [-1.0454e+18, -1.6182e+17, -4.6743e+18],
        [-3.1167e+18,  2.4942e+18, -6.9284e+17],
        [-3.8525e+17, -1.4908e+18, -3.7789e+17],
        [ 4.5682e+18, -5.5800e+18,  5.8636e+18],
        [-1.1386e+19, -1.2299e+19, -9.0367e+18],
        [-4.3018e+18,  7.0968e+17,  1.7785e+17],
        [-3.2327e+18, -2.8365e+18,  1.6824e+18],
        [-3.3983e+18,  6.0796e+18,  5.4870e+18],
        [ 2.4963e+16,  8.6280e+18, -2.6732e+18],
        [ 1.3530e+19,  6.8689e+18,  3.5772e+18],
        [-3.1607e+18, -1.8015e+18, -1.0839e+18],
        [ 1.1079e+19, -1.5190e+17,  1.3174e+18]])
Debug dx at time 3 : 48325738889216.0
(Debug) dd : tensor([-6.3218e+13, -5.8634e+13, -2.0722e+13, -9.6906e+13, -2.2593e+14,
        -6.1097e+13, -5.6474e+13, -1.0770e+14, -1.1183e+14, -1.7407e+14,
        -5.1890e+13, -1.1949e+14, -6.0521e+13, -5.2750e+13, -1.5216e+14,
        -1.9185e+14, -6.8565e+13, -8.3964e+13, -1.4106e+14, -1.0535e+14,
        -2.1080e+14, -5.1970e+13, -1.5695e+14, -5.6186e+13, -1.5008e+14,
        -2.1923e+14, -2.6835e+13, -6.7740e+13, -8.2980e+13, -8.3215e+13,
        -2.0580e+14, -5.0061e+13, -1.6920e+14, -1.0394e+14, -2.0526e+14,
        -5.2532e+13, -4.3676e+13, -1.1651e+14, -1.2051e+14, -1.9390e+14,
        -3.3431e+13, -1.3539e+14, -2.6507e+14, -1.4240e+14, -1.0754e+14,
        -1.6394e+14, -1.9946e+14, -1.7998e+14, -1.2833e+14, -1.1163e+14,
        -2.0245e+14, -1.9102e+14, -2.8722e+14, -2.8631e+14, -3.9310e+14,
        -1.8020e+14, -3.1982e+14, -4.6395e+13, -8.8260e+13, -1.0982e+14,
        -2.2246e+14, -3.5200e+13, -1.7927e+14, -1.1252e+14, -1.4726e+14,
        -2.2586e+14, -3.4287e+13, -1.6904e+14, -1.0687e+14, -1.9791e+14,
        -1.1911e+14, -1.8921e+14, -1.7390e+14, -1.2789e+14, -1.7025e+14,
        -2.2488e+14, -9.0196e+13, -1.6868e+14])
(Debug) dx : tensor([[-9.5769e+12,  5.3243e+12, -5.0280e+12],
        [ 1.2132e+13,  1.8780e+12,  5.4246e+13],
        [ 3.6169e+13, -2.8945e+13,  8.0406e+12],
        [ 4.4709e+12,  1.7301e+13,  4.3855e+12],
        [-5.3015e+13,  6.4757e+13, -6.8048e+13],
        [ 1.3214e+14,  1.4273e+14,  1.0487e+14],
        [ 4.9923e+13, -8.2360e+12, -2.0640e+12],
        [ 3.7516e+13,  3.2918e+13, -1.9525e+13],
        [ 3.9438e+13, -7.0555e+13, -6.3678e+13],
        [-2.8970e+11, -1.0013e+14,  3.1023e+13],
        [-1.5702e+14, -7.9715e+13, -4.1514e+13],
        [ 3.6681e+13,  2.0907e+13,  1.2578e+13],
        [-1.2857e+14,  1.7628e+12, -1.5289e+13]])
(Debug) sigma_t_hat_square at time 2 : 2.1192427084315568e-05
(Debug) score size (cart) : tensor([[-1.1749e+19,  6.5321e+18, -6.1686e+18],
        [ 1.4884e+19,  2.3040e+18,  6.6551e+19],
        [ 4.4375e+19, -3.5511e+19,  9.8646e+18],
        [ 5.4851e+18,  2.1226e+19,  5.3803e+18],
        [-6.5041e+19,  7.9447e+19, -8.3485e+19],
        [ 1.6212e+20,  1.7511e+20,  1.2866e+20],
        [ 6.1248e+19, -1.0104e+19, -2.5322e+18],
        [ 4.6027e+19,  4.0386e+19, -2.3954e+19],
        [ 4.8384e+19, -8.6561e+19, -7.8123e+19],
        [-3.5542e+17, -1.2284e+20,  3.8061e+19],
        [-1.9264e+20, -9.7798e+19, -5.0931e+19],
        [ 4.5002e+19,  2.5650e+19,  1.5432e+19],
        [-1.5774e+20,  2.1627e+18, -1.8757e+19]])
Debug dx at time 2 : 626822425346048.0
(Debug) dd : tensor([-8.4458e+14, -7.8333e+14, -2.7684e+14, -1.2946e+15, -3.0183e+15,
        -8.1625e+14, -7.5449e+14, -1.4389e+15, -1.4941e+15, -2.3256e+15,
        -6.9324e+14, -1.5964e+15, -8.0855e+14, -7.0473e+14, -2.0329e+15,
        -2.5630e+15, -9.1602e+14, -1.1217e+15, -1.8845e+15, -1.4075e+15,
        -2.8163e+15, -6.9431e+14, -2.0968e+15, -7.5063e+14, -2.0050e+15,
        -2.9288e+15, -3.5851e+14, -9.0500e+14, -1.1086e+15, -1.1117e+15,
        -2.7495e+15, -6.6880e+14, -2.2604e+15, -1.3886e+15, -2.7422e+15,
        -7.0182e+14, -5.8351e+14, -1.5565e+15, -1.6100e+15, -2.5905e+15,
        -4.4663e+14, -1.8087e+15, -3.5413e+15, -1.9025e+15, -1.4367e+15,
        -2.1902e+15, -2.6647e+15, -2.4045e+15, -1.7145e+15, -1.4913e+15,
        -2.7047e+15, -2.5520e+15, -3.8372e+15, -3.8251e+15, -5.2517e+15,
        -2.4075e+15, -4.2727e+15, -6.1983e+14, -1.1791e+15, -1.4672e+15,
        -2.9720e+15, -4.7027e+14, -2.3949e+15, -1.5032e+15, -1.9674e+15,
        -3.0174e+15, -4.5806e+14, -2.2583e+15, -1.4278e+15, -2.6441e+15,
        -1.5913e+15, -2.5278e+15, -2.3233e+15, -1.7086e+15, -2.2745e+15,
        -3.0043e+15, -1.2050e+15, -2.2535e+15])
(Debug) dx : tensor([[ 1.2795e+14, -7.1131e+13,  6.7173e+13],
        [-1.6208e+14, -2.5089e+13, -7.2471e+14],
        [-4.8322e+14,  3.8670e+14, -1.0742e+14],
        [-5.9730e+13, -2.3114e+14, -5.8589e+13],
        [ 7.0827e+14, -8.6514e+14,  9.0911e+14],
        [-1.7654e+15, -1.9069e+15, -1.4011e+15],
        [-6.6696e+14,  1.1003e+14,  2.7574e+13],
        [-5.0121e+14, -4.3978e+14,  2.6085e+14],
        [-5.2688e+14,  9.4261e+14,  8.5072e+14],
        [ 3.8704e+12,  1.3377e+15, -4.1447e+14],
        [ 2.0977e+15,  1.0650e+15,  5.5462e+14],
        [-4.9005e+14, -2.7931e+14, -1.6804e+14],
        [ 1.7177e+15, -2.3551e+13,  2.0425e+14]])
(Debug) sigma_t_hat_square at time 1 : 1.0500165444682352e-05
(Debug) score size (cart) : tensor([[ 3.1681e+20, -1.7613e+20,  1.6633e+20],
        [-4.0133e+20, -6.2125e+19, -1.7945e+21],
        [-1.1965e+21,  9.5753e+20, -2.6599e+20],
        [-1.4790e+20, -5.7233e+20, -1.4508e+20],
        [ 1.7538e+21, -2.1422e+21,  2.2511e+21],
        [-4.3714e+21, -4.7217e+21, -3.4693e+21],
        [-1.6515e+21,  2.7245e+20,  6.8278e+19],
        [-1.2411e+21, -1.0890e+21,  6.4589e+20],
        [-1.3046e+21,  2.3340e+21,  2.1065e+21],
        [ 9.5835e+18,  3.3124e+21, -1.0263e+21],
        [ 5.1942e+21,  2.6370e+21,  1.3733e+21],
        [-1.2134e+21, -6.9162e+20, -4.1610e+20],
        [ 4.2533e+21, -5.8316e+19,  5.0576e+20]])
Debug dx at time 1 : 1.590572955467776e+16
(Debug) dd : tensor([-2.2191e+16, -2.0582e+16, -7.2738e+15, -3.4016e+16, -7.9306e+16,
        -2.1447e+16, -1.9824e+16, -3.7806e+16, -3.9256e+16, -6.1103e+16,
        -1.8215e+16, -4.1944e+16, -2.1244e+16, -1.8517e+16, -5.3413e+16,
        -6.7343e+16, -2.4068e+16, -2.9473e+16, -4.9516e+16, -3.6981e+16,
        -7.3997e+16, -1.8243e+16, -5.5093e+16, -1.9723e+16, -5.2681e+16,
        -7.6954e+16, -9.4198e+15, -2.3778e+16, -2.9128e+16, -2.9210e+16,
        -7.2241e+16, -1.7572e+16, -5.9392e+16, -3.6485e+16, -7.2050e+16,
        -1.8440e+16, -1.5331e+16, -4.0897e+16, -4.2301e+16, -6.8063e+16,
        -1.1735e+16, -4.7524e+16, -9.3047e+16, -4.9986e+16, -3.7748e+16,
        -5.7546e+16, -7.0014e+16, -6.3177e+16, -4.5047e+16, -3.9184e+16,
        -7.1065e+16, -6.7051e+16, -1.0082e+17, -1.0050e+17, -1.3799e+17,
        -6.3255e+16, -1.1226e+17, -1.6286e+16, -3.0981e+16, -3.8550e+16,
        -7.8089e+16, -1.2356e+16, -6.2926e+16, -3.9496e+16, -5.1692e+16,
        -7.9282e+16, -1.2035e+16, -5.9337e+16, -3.7514e+16, -6.9472e+16,
        -4.1811e+16, -6.6416e+16, -6.1043e+16, -4.4894e+16, -5.9760e+16,
        -7.8937e+16, -3.1661e+16, -5.9210e+16])
(Debug) dx : tensor([[-3.3617e+15,  1.8689e+15, -1.7649e+15],
        [ 4.2586e+15,  6.5921e+14,  1.9041e+16],
        [ 1.2696e+16, -1.0160e+16,  2.8224e+15],
        [ 1.5694e+15,  6.0730e+15,  1.5394e+15],
        [-1.8609e+16,  2.2731e+16, -2.3887e+16],
        [ 4.6385e+16,  5.0102e+16,  3.6812e+16],
        [ 1.7524e+16, -2.8910e+15, -7.2450e+14],
        [ 1.3169e+16,  1.1555e+16, -6.8536e+15],
        [ 1.3844e+16, -2.4767e+16, -2.2352e+16],
        [-1.0169e+14, -3.5148e+16,  1.0890e+16],
        [-5.5116e+16, -2.7982e+16, -1.4572e+16],
        [ 1.2876e+16,  7.3388e+15,  4.4153e+15],
        [-4.5132e+16,  6.1879e+14, -5.3667e+15]])
(Debug) sigma_t_hat_square at time 0 : 0.0
(Debug) score size (cart) : tensor([[nan, nan, nan],
        [nan, nan, nan],
        [nan, nan, nan],
        [nan, nan, nan],
        [nan, nan, -inf],
        [inf, inf, inf],
        [nan, nan, nan],
        [nan, nan, nan],
        [nan, nan, nan],
        [nan, -inf, nan],
        [-inf, nan, nan],
        [nan, nan, nan],
        [nan, nan, nan]])
Debug dx at time 0 : nan
